pair,alt,seq,x,y,risk,conflict
DB01_to_DK03#alt0,0,0,1000.0,3900.0,0.7165,0.0
DB01_to_DK03#alt0,0,1,950.0,3900.0,0.6889,0.0
DB01_to_DK03#alt0,0,2,900.0,3850.0,0.6889,0.0
DB01_to_DK03#alt0,0,3,850.0,3850.0,0.6241,0.0
DB01_to_DK03#alt0,0,4,800.0,3800.0,0.5903,0.0
DB01_to_DK03#alt0,0,5,750.0,3800.0,0.503,0.0
DB01_to_DK03#alt0,0,6,700.0,3750.0,0.4746,0.0
DB01_to_DK03#alt0,0,7,650.0,3750.0,0.4076,0.0
DB01_to_DK03#alt0,0,8,600.0,3700.0,0.3628,0.0
DB01_to_DK03#alt0,0,9,600.0,3650.0,0.3784,0.0
DB01_to_DK03#alt0,0,10,600.0,3600.0,0.4076,0.0
DB01_to_DK03#alt0,0,11,600.0,3550.0,0.4275,0.0
DB01_to_DK03#alt0,0,12,600.0,3500.0,0.4346,0.0
DB01_to_DK03#alt0,0,13,650.0,3450.0,0.503,0.0
DB01_to_DK03#alt0,0,14,650.0,3400.0,0.4746,0.0
DB01_to_DK03#alt0,0,15,650.0,3350.0,0.4346,0.0
DB01_to_DK03#alt0,0,16,650.0,3300.0,0.4275,0.0
DB01_to_DK03#alt0,0,17,650.0,3250.0,0.4076,0.0
DB01_to_DK03#alt0,0,18,650.0,3200.0,0.3784,0.0
DB01_to_DK03#alt0,0,19,650.0,3150.0,0.3485,0.0
DB01_to_DK03#alt0,0,20,650.0,3100.0,0.3269,0.0
DB01_to_DK03#alt0,0,21,650.0,3050.0,0.3006,0.0
DB01_to_DK03#alt0,0,22,650.0,3000.0,0.2721,0.0
DB01_to_DK03#alt0,0,23,700.0,2950.0,0.2721,0.0
DB01_to_DK03#alt0,0,24,700.0,2900.0,0.2431,0.0
DB01_to_DK03#alt0,0,25,700.0,2850.0,0.2151,0.0
DB01_to_DK03#alt0,0,26,700.0,2800.0,0.1889,0.0
DB01_to_DK03#alt0,0,27,700.0,2750.0,0.1648,0.0
DB01_to_DK03#alt0,0,28,700.0,2700.0,0.1432,0.0
DB01_to_DK03#alt0,0,29,700.0,2650.0,0.1239,0.0
DB01_to_DK03#alt0,0,30,700.0,2600.0,0.1069,0.0
DB01_to_DK03#alt0,0,31,700.0,2550.0,0.097,0.0
DB01_to_DK03#alt0,0,32,700.0,2500.0,0.097,0.0
DB01_to_DK03#alt0,0,33,750.0,2450.0,0.1146,0.0
DB01_to_DK03#alt0,0,34,750.0,2400.0,0.1146,0.0
DB01_to_DK03#alt0,0,35,750.0,2350.0,0.1199,0.0
DB01_to_DK03#alt0,0,36,750.0,2300.0,0.1344,0.0
DB01_to_DK03#alt0,0,37,750.0,2250.0,0.1551,0.0
DB01_to_DK03#alt0,0,38,750.0,2200.0,0.1798,0.0
DB01_to_DK03#alt0,0,39,750.0,2150.0,0.2076,0.0
DB01_to_DK03#alt0,0,40,750.0,2100.0,0.2384,0.0
DB01_to_DK03#alt0,0,41,750.0,2050.0,0.2721,0.0
DB01_to_DK03#alt0,0,42,750.0,2000.0,0.3077,0.0
DB01_to_DK03#alt0,0,43,800.0,1950.0,0.3895,0.0
DB01_to_DK03#alt0,0,44,800.0,1900.0,0.4346,0.0
DB01_to_DK03#alt0,0,45,800.0,1850.0,0.4931,0.0
DB01_to_DK03#alt0,0,46,800.0,1800.0,0.5483,0.0
DB01_to_DK03#alt0,0,47,800.0,1750.0,0.6241,0.0
DB01_to_DK03#alt0,0,48,800.0,1700.0,0.6889,0.0
DB01_to_DK03#alt0,0,49,800.0,1650.0,0.7165,0.0
DB01_to_DK03#alt0,0,50,800.0,1600.0,0.6889,0.0
DB01_to_DK03#alt0,0,51,800.0,1550.0,0.6241,0.0
DB01_to_DK03#alt0,0,52,800.0,1500.0,0.5903,0.0
DB01_to_DK03#alt0,0,53,850.0,1450.0,0.6241,0.0
DB01_to_DK03#alt0,0,54,850.0,1400.0,0.5483,0.0
DB01_to_DK03#alt0,0,55,850.0,1350.0,0.4746,0.0
DB01_to_DK03#alt0,0,56,850.0,1300.0,0.4076,0.0
DB01_to_DK03#alt0,0,57,850.0,1250.0,0.3485,0.0
DB01_to_DK03#alt0,0,58,900.0,1250.0,0.3628,0.0
DB01_to_DK03#alt0,0,59,950.0,1250.0,0.3679,0.0
DB01_to_DK03#alt0,0,60,1000.0,1250.0,0.3679,0.0
DB01_to_DK03#alt0,0,61,1050.0,1250.0,0.3679,0.0
DB01_to_DK03#alt1,1,0,1000.0,3900.0,0.7165,0.0
DB01_to_DK03#alt1,1,1,950.0,3900.0,0.6889,0.0
DB01_to_DK03#alt1,1,2,900.0,3850.0,0.6889,0.0
DB01_to_DK03#alt1,1,3,850.0,3850.0,0.6241,0.0
DB01_to_DK03#alt1,1,4,800.0,3800.0,0.5903,0.0
DB01_to_DK03#alt1,1,5,750.0,3800.0,0.503,0.0
DB01_to_DK03#alt1,1,6,700.0,3750.0,0.4746,0.0
DB01_to_DK03#alt1,1,7,650.0,3750.0,0.4076,0.0
DB01_to_DK03#alt1,1,8,600.0,3700.0,0.3628,0.0
DB01_to_DK03#alt1,1,9,550.0,3700.0,0.3077,0.0
DB01_to_DK03#alt1,1,10,500.0,3650.0,0.281,0.0
DB01_to_DK03#alt1,1,11,450.0,3650.0,0.2407,0.0
DB01_to_DK03#alt1,1,12,400.0,3600.0,0.2151,0.0
DB01_to_DK03#alt1,1,13,350.0,3600.0,0.1827,0.0
DB01_to_DK03#alt1,1,14,300.0,3550.0,0.1587,0.0
DB01_to_DK03#alt1,1,15,300.0,3500.0,0.1599,0.0
DB01_to_DK03#alt1,1,16,300.0,3450.0,0.1587,0.0
DB01_to_DK03#alt1,1,17,350.0,3400.0,0.1827,0.0
DB01_to_DK03#alt1,1,18,350.0,3350.0,0.1755,0.0
DB01_to_DK03#alt1,1,19,350.0,3300.0,0.1661,0.0
DB01_to_DK03#alt1,1,20,350.0,3250.0,0.1551,0.0
DB01_to_DK03#alt1,1,21,400.0,3200.0,0.1755,0.0
DB01_to_DK03#alt1,1,22,400.0,3150.0,0.1661,0.0
DB01_to_DK03#alt1,1,23,400.0,3100.0,0.1551,0.0
DB01_to_DK03#alt1,1,24,400.0,3050.0,0.1432,0.0
DB01_to_DK03#alt1,1,25,450.0,3000.0,0.1551,0.0
DB01_to_DK03#alt1,1,26,450.0,2950.0,0.1432,0.0
DB01_to_DK03#alt1,1,27,450.0,2900.0,0.1308,0.0
DB01_to_DK03#alt1,1,28,450.0,2850.0,0.1183,0.0
DB01_to_DK03#alt1,1,29,500.0,2800.0,0.1199,0.0
DB01_to_DK03#alt1,1,30,500.0,2750.0,0.1062,0.0
DB01_to_DK03#alt1,1,31,500.0,2700.0,0.0947,0.0
DB01_to_DK03#alt1,1,32,500.0,2650.0,0.0839,0.0
DB01_to_DK03#alt1,1,33,550.0,2600.0,0.0821,0.0
DB01_to_DK03#alt1,1,34,550.0,2550.0,0.0717,0.0
DB01_to_DK03#alt1,1,35,550.0,2500.0,0.0624,0.0
DB01_to_DK03#alt1,1,36,550.0,2450.0,0.0624,0.0
DB01_to_DK03#alt1,1,37,600.0,2400.0,0.0785,0.0
DB01_to_DK03#alt1,1,38,600.0,2350.0,0.0904,0.0
DB01_to_DK03#alt1,1,39,600.0,2300.0,0.1036,0.0
DB01_to_DK03#alt1,1,40,600.0,2250.0,0.1183,0.0
DB01_to_DK03#alt1,1,41,650.0,2200.0,0.1495,0.0
DB01_to_DK03#alt1,1,42,650.0,2150.0,0.17,0.0
DB01_to_DK03#alt1,1,43,650.0,2100.0,0.1921,0.0
DB01_to_DK03#alt1,1,44,650.0,2050.0,0.2151,0.0
DB01_to_DK03#alt1,1,45,700.0,2000.0,0.2721,0.0
DB01_to_DK03#alt1,1,46,700.0,1950.0,0.3077,0.0
DB01_to_DK03#alt1,1,47,700.0,1900.0,0.344,0.0
DB01_to_DK03#alt1,1,48,700.0,1850.0,0.3895,0.0
DB01_to_DK03#alt1,1,49,750.0,1800.0,0.4931,0.0
DB01_to_DK03#alt1,1,50,750.0,1750.0,0.5483,0.0
DB01_to_DK03#alt1,1,51,750.0,1700.0,0.5903,0.0
DB01_to_DK03#alt1,1,52,750.0,1650.0,0.6065,0.0
DB01_to_DK03#alt1,1,53,800.0,1600.0,0.6889,0.0
DB01_to_DK03#alt1,1,54,800.0,1550.0,0.6241,0.0
DB01_to_DK03#alt1,1,55,800.0,1500.0,0.5903,0.0
DB01_to_DK03#alt1,1,56,800.0,1450.0,0.5483,0.0
DB01_to_DK03#alt1,1,57,850.0,1400.0,0.5483,0.0
DB01_to_DK03#alt1,1,58,850.0,1350.0,0.4746,0.0
DB01_to_DK03#alt1,1,59,850.0,1300.0,0.4076,0.0
DB01_to_DK03#alt1,1,60,850.0,1250.0,0.3485,0.0
DB01_to_DK03#alt1,1,61,900.0,1200.0,0.3077,0.0
DB01_to_DK03#alt1,1,62,900.0,1150.0,0.2609,0.0
DB01_to_DK03#alt1,1,63,950.0,1200.0,0.3114,0.0
DB01_to_DK03#alt1,1,64,1000.0,1200.0,0.3114,0.0
DB01_to_DK03#alt1,1,65,1050.0,1250.0,0.3679,0.0
DB01_to_DK03#alt2,2,0,1000.0,3900.0,0.7165,0.0
DB01_to_DK03#alt2,2,1,950.0,3900.0,0.6889,0.0
DB01_to_DK03#alt2,2,2,900.0,3850.0,0.6889,0.0
DB01_to_DK03#alt2,2,3,850.0,3850.0,0.6241,0.0
DB01_to_DK03#alt2,2,4,800.0,3800.0,0.5903,0.0
DB01_to_DK03#alt2,2,5,750.0,3800.0,0.503,0.0
DB01_to_DK03#alt2,2,6,700.0,3750.0,0.4746,0.0
DB01_to_DK03#alt2,2,7,650.0,3750.0,0.4076,0.0
DB01_to_DK03#alt2,2,8,600.0,3700.0,0.3628,0.0
DB01_to_DK03#alt2,2,9,550.0,3700.0,0.3077,0.0
DB01_to_DK03#alt2,2,10,500.0,3650.0,0.281,0.0
DB01_to_DK03#alt2,2,11,450.0,3650.0,0.2407,0.0
DB01_to_DK03#alt2,2,12,400.0,3600.0,0.2151,0.0
DB01_to_DK03#alt2,2,13,350.0,3600.0,0.1827,0.0
DB01_to_DK03#alt2,2,14,300.0,3550.0,0.1587,0.0
DB01_to_DK03#alt2,2,15,250.0,3550.0,0.1344,0.0
DB01_to_DK03#alt2,2,16,200.0,3500.0,0.1146,0.0
DB01_to_DK03#alt2,2,17,200.0,3450.0,0.1138,0.0
DB01_to_DK03#alt2,2,18,250.0,3400.0,0.1317,0.0
DB01_to_DK03#alt2,2,19,250.0,3350.0,0.1273,0.0
DB01_to_DK03#alt2,2,20,250.0,3300.0,0.1215,0.0
DB01_to_DK03#alt2,2,21,300.0,3250.0,0.1335,0.0
DB01_to_DK03#alt2,2,22,300.0,3200.0,0.1273,0.0
DB01_to_DK03#alt2,2,23,300.0,3150.0,0.1215,0.0
DB01_to_DK03#alt2,2,24,300.0,3100.0,0.1146,0.0
DB01_to_DK03#alt2,2,25,350.0,3050.0,0.1239,0.0
DB01_to_DK03#alt2,2,26,350.0,3000.0,0.1146,0.0
DB01_to_DK03#alt2,2,27,350.0,2950.0,0.1069,0.0
DB01_to_DK03#alt2,2,28,400.0,2900.0,0.1138,0.0
DB01_to_DK03#alt2,2,29,400.0,2850.0,0.1036,0.0
DB01_to_DK03#alt2,2,30,400.0,2800.0,0.0936,0.0
DB01_to_DK03#alt2,2,31,450.0,2750.0,0.0947,0.0
DB01_to_DK03#alt2,2,32,450.0,2700.0,0.0839,0.0
DB01_to_DK03#alt2,2,33,450.0,2650.0,0.0748,0.0
DB01_to_DK03#alt2,2,34,500.0,2600.0,0.074,0.0
DB01_to_DK03#alt2,2,35,500.0,2550.0,0.065,0.0
DB01_to_DK03#alt2,2,36,500.0,2500.0,0.0568,0.0
DB01_to_DK03#alt2,2,37,500.0,2450.0,0.0568,0.0
DB01_to_DK03#alt2,2,38,550.0,2400.0,0.0717,0.0
DB01_to_DK03#alt2,2,39,550.0,2350.0,0.0821,0.0
DB01_to_DK03#alt2,2,40,550.0,2300.0,0.0936,0.0
DB01_to_DK03#alt2,2,41,600.0,2250.0,0.1183,0.0
DB01_to_DK03#alt2,2,42,600.0,2200.0,0.1344,0.0
DB01_to_DK03#alt2,2,43,600.0,2150.0,0.1517,0.0
DB01_to_DK03#alt2,2,44,650.0,2100.0,0.1921,0.0
DB01_to_DK03#alt2,2,45,650.0,2050.0,0.2151,0.0
DB01_to_DK03#alt2,2,46,650.0,2000.0,0.2431,0.0
DB01_to_DK03#alt2,2,47,650.0,1950.0,0.2721,0.0
DB01_to_DK03#alt2,2,48,700.0,1900.0,0.344,0.0
DB01_to_DK03#alt2,2,49,700.0,1850.0,0.3895,0.0
DB01_to_DK03#alt2,2,50,700.0,1800.0,0.4346,0.0
DB01_to_DK03#alt2,2,51,750.0,1750.0,0.5483,0.0
DB01_to_DK03#alt2,2,52,750.0,1700.0,0.5903,0.0
DB01_to_DK03#alt2,2,53,750.0,1650.0,0.6065,0.0
DB01_to_DK03#alt2,2,54,800.0,1600.0,0.6889,0.0
DB01_to_DK03#alt2,2,55,800.0,1550.0,0.6241,0.0
DB01_to_DK03#alt2,2,56,800.0,1500.0,0.5903,0.0
DB01_to_DK03#alt2,2,57,850.0,1450.0,0.6241,0.0
DB01_to_DK03#alt2,2,58,850.0,1400.0,0.5483,0.0
DB01_to_DK03#alt2,2,59,850.0,1350.0,0.4746,0.0
DB01_to_DK03#alt2,2,60,850.0,1300.0,0.4076,0.0
DB01_to_DK03#alt2,2,61,900.0,1250.0,0.3628,0.0
DB01_to_DK03#alt2,2,62,900.0,1200.0,0.3077,0.0
DB01_to_DK03#alt2,2,63,900.0,1150.0,0.2609,0.0
DB01_to_DK03#alt2,2,64,950.0,1100.0,0.2252,0.0
DB01_to_DK03#alt2,2,65,950.0,1050.0,0.2609,0.0
DB01_to_DK03#alt2,2,66,950.0,1100.0,0.2252,0.0
DB01_to_DK03#alt2,2,67,1000.0,1150.0,0.2636,0.0
DB01_to_DK03#alt2,2,68,1000.0,1200.0,0.3114,0.0
DB01_to_DK03#alt2,2,69,1050.0,1250.0,0.3679,0.0
DB01_to_DK03#alt3,3,0,1000.0,3900.0,0.7165,0.0
DB01_to_DK03#alt3,3,1,950.0,3900.0,0.6889,0.0
DB01_to_DK03#alt3,3,2,900.0,3850.0,0.6889,0.0
DB01_to_DK03#alt3,3,3,850.0,3850.0,0.6241,0.0
DB01_to_DK03#alt3,3,4,800.0,3800.0,0.5903,0.0
DB01_to_DK03#alt3,3,5,750.0,3800.0,0.503,0.0
DB01_to_DK03#alt3,3,6,700.0,3750.0,0.4746,0.0
DB01_to_DK03#alt3,3,7,650.0,3750.0,0.4076,0.0
DB01_to_DK03#alt3,3,8,600.0,3700.0,0.3628,0.0
DB01_to_DK03#alt3,3,9,550.0,3700.0,0.3077,0.0
DB01_to_DK03#alt3,3,10,500.0,3650.0,0.281,0.0
DB01_to_DK03#alt3,3,11,450.0,3650.0,0.2407,0.0
DB01_to_DK03#alt3,3,12,400.0,3600.0,0.2151,0.0
DB01_to_DK03#alt3,3,13,350.0,3600.0,0.1827,0.0
DB01_to_DK03#alt3,3,14,300.0,3550.0,0.1587,0.0
DB01_to_DK03#alt3,3,15,250.0,3550.0,0.1344,0.0
DB01_to_DK03#alt3,3,16,200.0,3500.0,0.1146,0.0
DB01_to_DK03#alt3,3,17,150.0,3500.0,0.097,0.0
DB01_to_DK03#alt3,3,18,100.0,3450.0,0.0816,0.0
DB01_to_DK03#alt3,3,19,100.0,3400.0,0.0803,0.0
DB01_to_DK03#alt3,3,20,150.0,3350.0,0.092,0.0
DB01_to_DK03#alt3,3,21,150.0,3300.0,0.0883,0.0
DB01_to_DK03#alt3,3,22,200.0,3250.0,0.0981,0.0
DB01_to_DK03#alt3,3,23,200.0,3200.0,0.092,0.0
DB01_to_DK03#alt3,3,24,200.0,3150.0,0.0883,0.0
DB01_to_DK03#alt3,3,25,250.0,3100.0,0.0981,0.0
DB01_to_DK03#alt3,3,26,250.0,3050.0,0.092,0.0
DB01_to_DK03#alt3,3,27,250.0,3000.0,0.0854,0.0
DB01_to_DK03#alt3,3,28,300.0,2950.0,0.092,0.0
DB01_to_DK03#alt3,3,29,300.0,2900.0,0.0854,0.0
DB01_to_DK03#alt3,3,30,350.0,2850.0,0.0904,0.0
DB01_to_DK03#alt3,3,31,350.0,2800.0,0.0821,0.0
DB01_to_DK03#alt3,3,32,350.0,2750.0,0.074,0.0
DB01_to_DK03#alt3,3,33,400.0,2700.0,0.0748,0.0
DB01_to_DK03#alt3,3,34,400.0,2650.0,0.0663,0.0
DB01_to_DK03#alt3,3,35,450.0,2600.0,0.0663,0.0
DB01_to_DK03#alt3,3,36,450.0,2550.0,0.0585,0.0
DB01_to_DK03#alt3,3,37,450.0,2500.0,0.0514,0.0
DB01_to_DK03#alt3,3,38,500.0,2450.0,0.0568,0.0
DB01_to_DK03#alt3,3,39,500.0,2400.0,0.065,0.0
DB01_to_DK03#alt3,3,40,550.0,2350.0,0.0821,0.0
DB01_to_DK03#alt3,3,41,550.0,2300.0,0.0936,0.0
DB01_to_DK03#alt3,3,42,550.0,2250.0,0.1062,0.0
DB01_to_DK03#alt3,3,43,600.0,2200.0,0.1344,0.0
DB01_to_DK03#alt3,3,44,600.0,2150.0,0.1517,0.0
DB01_to_DK03#alt3,3,45,600.0,2100.0,0.17,0.0
DB01_to_DK03#alt3,3,46,650.0,2050.0,0.2151,0.0
DB01_to_DK03#alt3,3,47,650.0,2000.0,0.2431,0.0
DB01_to_DK03#alt3,3,48,700.0,1950.0,0.3077,0.0
DB01_to_DK03#alt3,3,49,700.0,1900.0,0.344,0.0
DB01_to_DK03#alt3,3,50,700.0,1850.0,0.3895,0.0
DB01_to_DK03#alt3,3,51,750.0,1800.0,0.4931,0.0
DB01_to_DK03#alt3,3,52,750.0,1750.0,0.5483,0.0
DB01_to_DK03#alt3,3,53,800.0,1700.0,0.6889,0.0
DB01_to_DK03#alt3,3,54,800.0,1650.0,0.7165,0.0
DB01_to_DK03#alt3,3,55,800.0,1600.0,0.6889,0.0
DB01_to_DK03#alt3,3,56,850.0,1550.0,0.7165,0.0
DB01_to_DK03#alt3,3,57,850.0,1500.0,0.6889,0.0
DB01_to_DK03#alt3,3,58,900.0,1450.0,0.6889,0.0
DB01_to_DK03#alt3,3,59,900.0,1400.0,0.5903,0.0
DB01_to_DK03#alt3,3,60,900.0,1350.0,0.503,0.0
DB01_to_DK03#alt3,3,61,950.0,1300.0,0.4346,0.0
DB01_to_DK03#alt3,3,62,950.0,1250.0,0.3679,0.0
DB01_to_DK03#alt3,3,63,950.0,1200.0,0.3114,0.0
DB01_to_DK03#alt3,3,64,1000.0,1150.0,0.2636,0.0
DB01_to_DK03#alt3,3,65,1000.0,1100.0,0.2231,0.0
DB01_to_DK03#alt3,3,66,1050.0,1050.0,0.2151,0.0
DB01_to_DK03#alt3,3,67,1050.0,1000.0,0.2431,0.0
DB01_to_DK03#alt3,3,68,1050.0,1050.0,0.2151,0.0
DB01_to_DK03#alt3,3,69,1050.0,1100.0,0.2231,0.0
DB01_to_DK03#alt3,3,70,1050.0,1150.0,0.2636,0.0
DB01_to_DK03#alt3,3,71,1050.0,1200.0,0.3114,0.0
DB01_to_DK03#alt3,3,72,1050.0,1250.0,0.3679,0.0
DB01_to_DK03#alt4,4,0,1000.0,3900.0,0.7165,0.0
DB01_to_DK03#alt4,4,1,950.0,3900.0,0.6889,0.0
DB01_to_DK03#alt4,4,2,900.0,3850.0,0.6889,0.0
DB01_to_DK03#alt4,4,3,850.0,3850.0,0.6241,0.0
DB01_to_DK03#alt4,4,4,800.0,3800.0,0.5903,0.0
DB01_to_DK03#alt4,4,5,750.0,3800.0,0.503,0.0
DB01_to_DK03#alt4,4,6,700.0,3750.0,0.4746,0.0
DB01_to_DK03#alt4,4,7,650.0,3750.0,0.4076,0.0
DB01_to_DK03#alt4,4,8,600.0,3700.0,0.3628,0.0
DB01_to_DK03#alt4,4,9,550.0,3700.0,0.3077,0.0
DB01_to_DK03#alt4,4,10,500.0,3650.0,0.281,0.0
DB01_to_DK03#alt4,4,11,450.0,3650.0,0.2407,0.0
DB01_to_DK03#alt4,4,12,400.0,3600.0,0.2151,0.0
DB01_to_DK03#alt4,4,13,350.0,3600.0,0.1827,0.0
DB01_to_DK03#alt4,4,14,300.0,3550.0,0.1587,0.0
DB01_to_DK03#alt4,4,15,250.0,3550.0,0.1344,0.0
DB01_to_DK03#alt4,4,16,200.0,3500.0,0.1146,0.0
DB01_to_DK03#alt4,4,17,150.0,3500.0,0.097,0.0
DB01_to_DK03#alt4,4,18,100.0,3450.0,0.0816,0.0
DB01_to_DK03#alt4,4,19,50.0,3450.0,0.0691,0.0
DB01_to_DK03#alt4,4,20,50.0,3400.0,0.0681,0.0
DB01_to_DK03#alt4,4,21,100.0,3350.0,0.0781,0.0
DB01_to_DK03#alt4,4,22,100.0,3300.0,0.0752,0.0
DB01_to_DK03#alt4,4,23,150.0,3250.0,0.0839,0.0
DB01_to_DK03#alt4,4,24,150.0,3200.0,0.079,0.0
DB01_to_DK03#alt4,4,25,150.0,3150.0,0.0752,0.0
DB01_to_DK03#alt4,4,26,200.0,3100.0,0.0839,0.0
DB01_to_DK03#alt4,4,27,200.0,3050.0,0.079,0.0
DB01_to_DK03#alt4,4,28,250.0,3000.0,0.0854,0.0
DB01_to_DK03#alt4,4,29,250.0,2950.0,0.079,0.0
DB01_to_DK03#alt4,4,30,300.0,2900.0,0.0854,0.0
DB01_to_DK03#alt4,4,31,300.0,2850.0,0.0785,0.0
DB01_to_DK03#alt4,4,32,300.0,2800.0,0.0717,0.0
DB01_to_DK03#alt4,4,33,350.0,2750.0,0.074,0.0
DB01_to_DK03#alt4,4,34,350.0,2700.0,0.0663,0.0
DB01_to_DK03#alt4,4,35,400.0,2650.0,0.0663,0.0
DB01_to_DK03#alt4,4,36,400.0,2600.0,0.0591,0.0
DB01_to_DK03#alt4,4,37,400.0,2550.0,0.0524,0.0
DB01_to_DK03#alt4,4,38,450.0,2500.0,0.0514,0.0
DB01_to_DK03#alt4,4,39,450.0,2450.0,0.0514,0.0
DB01_to_DK03#alt4,4,40,500.0,2400.0,0.065,0.0
DB01_to_DK03#alt4,4,41,500.0,2350.0,0.074,0.0
DB01_to_DK03#alt4,4,42,500.0,2300.0,0.0839,0.0
DB01_to_DK03#alt4,4,43,550.0,2250.0,0.1062,0.0
DB01_to_DK03#alt4,4,44,550.0,2200.0,0.1199,0.0
DB01_to_DK03#alt4,4,45,600.0,2150.0,0.1517,0.0
DB01_to_DK03#alt4,4,46,600.0,2100.0,0.17,0.0
DB01_to_DK03#alt4,4,47,650.0,2050.0,0.2151,0.0
DB01_to_DK03#alt4,4,48,650.0,2000.0,0.2431,0.0
DB01_to_DK03#alt4,4,49,650.0,1950.0,0.2721,0.0
DB01_to_DK03#alt4,4,50,700.0,1900.0,0.344,0.0
DB01_to_DK03#alt4,4,51,700.0,1850.0,0.3895,0.0
DB01_to_DK03#alt4,4,52,750.0,1800.0,0.4931,0.0
DB01_to_DK03#alt4,4,53,750.0,1750.0,0.5483,0.0
DB01_to_DK03#alt4,4,54,750.0,1700.0,0.5903,0.0
DB01_to_DK03#alt4,4,55,800.0,1650.0,0.7165,0.0
DB01_to_DK03#alt4,4,56,800.0,1600.0,0.6889,0.0
DB01_to_DK03#alt4,4,57,850.0,1550.0,0.7165,0.0
DB01_to_DK03#alt4,4,58,850.0,1500.0,0.6889,0.0
DB01_to_DK03#alt4,4,59,850.0,1450.0,0.6241,0.0
DB01_to_DK03#alt4,4,60,900.0,1400.0,0.5903,0.0
DB01_to_DK03#alt4,4,61,900.0,1350.0,0.503,0.0
DB01_to_DK03#alt4,4,62,950.0,1300.0,0.4346,0.0
DB01_to_DK03#alt4,4,63,950.0,1250.0,0.3679,0.0
DB01_to_DK03#alt4,4,64,1000.0,1200.0,0.3114,0.0
DB01_to_DK03#alt4,4,65,1000.0,1150.0,0.2636,0.0
DB01_to_DK03#alt4,4,66,1000.0,1100.0,0.2231,0.0
DB01_to_DK03#alt4,4,67,1050.0,1050.0,0.2151,0.0
DB01_to_DK03#alt4,4,68,1050.0,1000.0,0.2431,0.0
DB01_to_DK03#alt4,4,69,1100.0,950.0,0.2384,0.0
DB01_to_DK03#alt4,4,70,1100.0,900.0,0.2609,0.0
DB01_to_DK03#alt4,4,71,1100.0,950.0,0.2384,0.0
DB01_to_DK03#alt4,4,72,1100.0,1000.0,0.2151,0.0
DB01_to_DK03#alt4,4,73,1100.0,1050.0,0.1921,0.0
DB01_to_DK03#alt4,4,74,1050.0,1100.0,0.2231,0.0
DB01_to_DK03#alt4,4,75,1050.0,1150.0,0.2636,0.0
DB01_to_DK03#alt4,4,76,1050.0,1200.0,0.3114,0.0
DB01_to_DK03#alt4,4,77,1050.0,1250.0,0.3679,0.0
DB01_to_DK03#alt5,5,0,1000.0,3900.0,0.7165,0.0
DB01_to_DK03#alt5,5,1,950.0,3900.0,0.6889,0.0
DB01_to_DK03#alt5,5,2,900.0,3850.0,0.6889,0.0
DB01_to_DK03#alt5,5,3,850.0,3850.0,0.6241,0.0
DB01_to_DK03#alt5,5,4,800.0,3800.0,0.5903,0.0
DB01_to_DK03#alt5,5,5,750.0,3800.0,0.503,0.0
DB01_to_DK03#alt5,5,6,700.0,3750.0,0.4746,0.0
DB01_to_DK03#alt5,5,7,650.0,3750.0,0.4076,0.0
DB01_to_DK03#alt5,5,8,600.0,3700.0,0.3628,0.0
DB01_to_DK03#alt5,5,9,550.0,3700.0,0.3077,0.0
DB01_to_DK03#alt5,5,10,500.0,3650.0,0.281,0.0
DB01_to_DK03#alt5,5,11,450.0,3650.0,0.2407,0.0
DB01_to_DK03#alt5,5,12,400.0,3600.0,0.2151,0.0
DB01_to_DK03#alt5,5,13,350.0,3600.0,0.1827,0.0
DB01_to_DK03#alt5,5,14,300.0,3550.0,0.1587,0.0
DB01_to_DK03#alt5,5,15,250.0,3550.0,0.1344,0.0
DB01_to_DK03#alt5,5,16,200.0,3500.0,0.1146,0.0
DB01_to_DK03#alt5,5,17,150.0,3500.0,0.097,0.0
DB01_to_DK03#alt5,5,18,100.0,3450.0,0.0816,0.0
DB01_to_DK03#alt5,5,19,50.0,3450.0,0.0691,0.0
DB01_to_DK03#alt5,5,20,50.0,3400.0,0.0681,0.0
DB01_to_DK03#alt5,5,21,100.0,3350.0,0.0781,0.0
DB01_to_DK03#alt5,5,22,100.0,3300.0,0.0752,0.0
DB01_to_DK03#alt5,5,23,150.0,3250.0,0.0839,0.0
DB01_to_DK03#alt5,5,24,150.0,3200.0,0.079,0.0
DB01_to_DK03#alt5,5,25,150.0,3150.0,0.0752,0.0
DB01_to_DK03#alt5,5,26,200.0,3100.0,0.0839,0.0
DB01_to_DK03#alt5,5,27,200.0,3050.0,0.079,0.0
DB01_to_DK03#alt5,5,28,250.0,3000.0,0.0854,0.0
DB01_to_DK03#alt5,5,29,250.0,2950.0,0.079,0.0
DB01_to_DK03#alt5,5,30,300.0,2900.0,0.0854,0.0
DB01_to_DK03#alt5,5,31,300.0,2850.0,0.0785,0.0
DB01_to_DK03#alt5,5,32,300.0,2800.0,0.0717,0.0
DB01_to_DK03#alt5,5,33,350.0,2750.0,0.074,0.0
DB01_to_DK03#alt5,5,34,350.0,2700.0,0.0663,0.0
DB01_to_DK03#alt5,5,35,400.0,2650.0,0.0663,0.0
DB01_to_DK03#alt5,5,36,400.0,2600.0,0.0591,0.0
DB01_to_DK03#alt5,5,37,400.0,2550.0,0.0524,0.0
DB01_to_DK03#alt5,5,38,450.0,2500.0,0.0514,0.0
DB01_to_DK03#alt5,5,39,450.0,2450.0,0.0514,0.0
DB01_to_DK03#alt5,5,40,500.0,2400.0,0.065,0.0
DB01_to_DK03#alt5,5,41,500.0,2350.0,0.074,0.0
DB01_to_DK03#alt5,5,42,550.0,2300.0,0.0936,0.0
DB01_to_DK03#alt5,5,43,550.0,2250.0,0.1062,0.0
DB01_to_DK03#alt5,5,44,550.0,2200.0,0.1199,0.0
DB01_to_DK03#alt5,5,45,600.0,2150.0,0.1517,0.0
DB01_to_DK03#alt5,5,46,600.0,2100.0,0.17,0.0
DB01_to_DK03#alt5,5,47,650.0,2050.0,0.2151,0.0
DB01_to_DK03#alt5,5,48,650.0,2000.0,0.2431,0.0
DB01_to_DK03#alt5,5,49,650.0,1950.0,0.2721,0.0
DB01_to_DK03#alt5,5,50,700.0,1900.0,0.344,0.0
DB01_to_DK03#alt5,5,51,700.0,1850.0,0.3895,0.0
DB01_to_DK03#alt5,5,52,750.0,1800.0,0.4931,0.0
DB01_to_DK03#alt5,5,53,750.0,1750.0,0.5483,0.0
DB01_to_DK03#alt5,5,54,800.0,1700.0,0.6889,0.0
DB01_to_DK03#alt5,5,55,800.0,1650.0,0.7165,0.0
DB01_to_DK03#alt5,5,56,800.0,1600.0,0.6889,0.0
DB01_to_DK03#alt5,5,57,850.0,1550.0,0.7165,0.0
DB01_to_DK03#alt5,5,58,850.0,1500.0,0.6889,0.0
DB01_to_DK03#alt5,5,59,900.0,1450.0,0.6889,0.0
DB01_to_DK03#alt5,5,60,900.0,1400.0,0.5903,0.0
DB01_to_DK03#alt5,5,61,900.0,1350.0,0.503,0.0
DB01_to_DK03#alt5,5,62,950.0,1300.0,0.4346,0.0
DB01_to_DK03#alt5,5,63,950.0,1250.0,0.3679,0.0
DB01_to_DK03#alt5,5,64,1000.0,1200.0,0.3114,0.0
DB01_to_DK03#alt5,5,65,1000.0,1150.0,0.2636,0.0
DB01_to_DK03#alt5,5,66,1050.0,1100.0,0.2231,0.0
DB01_to_DK03#alt5,5,67,1050.0,1050.0,0.2151,0.0
DB01_to_DK03#alt5,5,68,1050.0,1000.0,0.2431,0.0
DB01_to_DK03#alt5,5,69,1100.0,950.0,0.2384,0.0
DB01_to_DK03#alt5,5,70,1100.0,900.0,0.2609,0.0
DB01_to_DK03#alt5,5,71,1150.0,850.0,0.2407,0.0
DB01_to_DK03#alt5,5,72,1150.0,800.0,0.253,0.0
DB01_to_DK03#alt5,5,73,1150.0,850.0,0.2407,0.0
DB01_to_DK03#alt5,5,74,1150.0,900.0,0.2252,0.0
DB01_to_DK03#alt5,5,75,1100.0,950.0,0.2384,0.0
DB01_to_DK03#alt5,5,76,1100.0,1000.0,0.2151,0.0
DB01_to_DK03#alt5,5,77,1100.0,1050.0,0.1921,0.0
DB01_to_DK03#alt5,5,78,1100.0,1100.0,0.2211,0.0
DB01_to_DK03#alt5,5,79,1050.0,1150.0,0.2636,0.0
DB01_to_DK03#alt5,5,80,1050.0,1200.0,0.3114,0.0
DB01_to_DK03#alt5,5,81,1050.0,1250.0,0.3679,0.0
DB01_to_DK03#alt6,6,0,1000.0,3900.0,0.7165,0.0
DB01_to_DK03#alt6,6,1,1050.0,3950.0,0.6889,0.0
DB01_to_DK03#alt6,6,2,1100.0,3950.0,0.7165,0.0
DB01_to_DK03#alt6,6,3,1150.0,4000.0,0.6241,0.0
DB01_to_DK03#alt6,6,4,1200.0,4000.0,0.6889,0.0
DB01_to_DK03#alt6,6,5,1250.0,4000.0,0.7165,0.0
DB01_to_DK03#alt6,6,6,1300.0,4000.0,0.6889,0.0
DB01_to_DK03#alt6,6,7,1350.0,3950.0,0.7165,0.0
DB01_to_DK03#alt6,6,8,1400.0,3950.0,0.7165,0.0
DB01_to_DK03#alt6,6,9,1450.0,3950.0,0.6889,0.0
DB01_to_DK03#alt6,6,10,1500.0,3950.0,0.6241,0.0
DB01_to_DK03#alt6,6,11,1550.0,3950.0,0.6889,0.0
DB01_to_DK03#alt6,6,12,1600.0,3900.0,0.6889,0.0
DB01_to_DK03#alt6,6,13,1650.0,3900.0,0.7165,0.0
DB01_to_DK03#alt6,6,14,1700.0,3900.0,0.7165,0.0
DB01_to_DK03#alt6,6,15,1750.0,3900.0,0.7165,0.0
DB01_to_DK03#alt6,6,16,1800.0,3850.0,0.5903,0.0
DB01_to_DK03#alt6,6,17,1850.0,3850.0,0.5483,0.0
DB01_to_DK03#alt6,6,18,1900.0,3800.0,0.5134,0.0
DB01_to_DK03#alt6,6,19,1950.0,3800.0,0.5134,0.0
DB01_to_DK03#alt6,6,20,2000.0,3750.0,0.6065,0.0
DB01_to_DK03#alt6,6,21,2050.0,3700.0,0.7165,0.0
DB01_to_DK03#alt6,6,22,2100.0,3700.0,0.6889,0.0
DB01_to_DK03#alt6,6,23,2150.0,3650.0,0.6889,0.0
DB01_to_DK03#alt6,6,24,2200.0,3600.0,0.6889,0.0
DB01_to_DK03#alt6,6,25,2250.0,3550.0,0.6889,0.0
DB01_to_DK03#alt6,6,26,2300.0,3550.0,0.5903,0.0
DB01_to_DK03#alt6,6,27,2350.0,3500.0,0.5134,0.0
DB01_to_DK03#alt6,6,28,2400.0,3450.0,0.4346,0.0
DB01_to_DK03#alt6,6,29,2450.0,3450.0,0.3679,0.0
DB01_to_DK03#alt6,6,30,2500.0,3400.0,0.3114,0.0
DB01_to_DK03#alt6,6,31,2500.0,3350.0,0.3114,0.0
DB01_to_DK03#alt6,6,32,2550.0,3300.0,0.3077,0.0
DB01_to_DK03#alt6,6,33,2550.0,3250.0,0.2972,0.0
DB01_to_DK03#alt6,6,34,2550.0,3200.0,0.281,0.0
DB01_to_DK03#alt6,6,35,2600.0,3150.0,0.3006,0.0
DB01_to_DK03#alt6,6,36,2600.0,3100.0,0.281,0.0
DB01_to_DK03#alt6,6,37,2650.0,3050.0,0.3006,0.0
DB01_to_DK03#alt6,6,38,2650.0,3000.0,0.344,0.0
DB01_to_DK03#alt6,6,39,2650.0,2950.0,0.3895,0.0
DB01_to_DK03#alt6,6,40,2700.0,2900.0,0.3895,0.0
DB01_to_DK03#alt6,6,41,2700.0,2850.0,0.4346,0.0
DB01_to_DK03#alt6,6,42,2700.0,2800.0,0.4746,0.0
DB01_to_DK03#alt6,6,43,2750.0,2750.0,0.4275,0.0
DB01_to_DK03#alt6,6,44,2750.0,2700.0,0.4346,0.0
DB01_to_DK03#alt6,6,45,2750.0,2650.0,0.4746,0.0
DB01_to_DK03#alt6,6,46,2800.0,2600.0,0.4931,0.0
DB01_to_DK03#alt6,6,47,2800.0,2550.0,0.5483,0.0
DB01_to_DK03#alt6,6,48,2850.0,2500.0,0.5483,0.0
DB01_to_DK03#alt6,6,49,2850.0,2450.0,0.6241,0.0
DB01_to_DK03#alt6,6,50,2850.0,2400.0,0.6889,0.0
DB01_to_DK03#alt6,6,51,2900.0,2350.0,0.6241,0.0
DB01_to_DK03#alt6,6,52,2900.0,2300.0,0.6889,0.0
DB01_to_DK03#alt6,6,53,2900.0,2250.0,0.7165,0.0
DB01_to_DK03#alt6,6,54,2950.0,2200.0,0.6065,0.0
DB01_to_DK03#alt6,6,55,2950.0,2150.0,0.6065,0.0
DB01_to_DK03#alt6,6,56,3000.0,2100.0,0.5134,0.0
DB01_to_DK03#alt6,6,57,3000.0,2050.0,0.5134,0.0
DB01_to_DK03#alt6,6,58,3000.0,2000.0,0.5134,0.0
DB01_to_DK03#alt6,6,59,3050.0,1950.0,0.4346,0.0
DB01_to_DK03#alt6,6,60,3050.0,1900.0,0.4275,0.0
DB01_to_DK03#alt6,6,61,3000.0,1850.0,0.4746,0.0
DB01_to_DK03#alt6,6,62,2950.0,1850.0,0.5483,0.0
DB01_to_DK03#alt6,6,63,2900.0,1800.0,0.5903,0.0
DB01_to_DK03#alt6,6,64,2850.0,1750.0,0.6241,0.0
DB01_to_DK03#alt6,6,65,2800.0,1750.0,0.6889,0.0
DB01_to_DK03#alt6,6,66,2750.0,1700.0,0.6889,0.0
DB01_to_DK03#alt6,6,67,2700.0,1650.0,0.6889,0.0
DB01_to_DK03#alt6,6,68,2650.0,1650.0,0.7165,0.0
DB01_to_DK03#alt6,6,69,2600.0,1600.0,0.6889,0.0
DB01_to_DK03#alt6,6,70,2550.0,1550.0,0.6065,0.0
DB01_to_DK03#alt6,6,71,2500.0,1550.0,0.6065,0.0
DB01_to_DK03#alt6,6,72,2450.0,1500.0,0.5134,0.0
DB01_to_DK03#alt6,6,73,2400.0,1500.0,0.5134,0.0
DB01_to_DK03#alt6,6,74,2350.0,1450.0,0.4346,0.0
DB01_to_DK03#alt6,6,75,2300.0,1400.0,0.3679,0.0
DB01_to_DK03#alt6,6,76,2250.0,1400.0,0.3679,0.0
DB01_to_DK03#alt6,6,77,2200.0,1350.0,0.3077,0.0
DB01_to_DK03#alt6,6,78,2150.0,1300.0,0.253,0.0
DB01_to_DK03#alt6,6,79,2100.0,1300.0,0.2407,0.0
DB01_to_DK03#alt6,6,80,2050.0,1250.0,0.1937,0.0
DB01_to_DK03#alt6,6,81,2000.0,1200.0,0.1551,0.0
DB01_to_DK03#alt6,6,82,1950.0,1200.0,0.1432,0.0
DB01_to_DK03#alt6,6,83,1900.0,1150.0,0.1146,0.0
DB01_to_DK03#alt6,6,84,1850.0,1150.0,0.1199,0.0
DB01_to_DK03#alt6,6,85,1800.0,1150.0,0.1344,0.0
DB01_to_DK03#alt6,6,86,1750.0,1150.0,0.1495,0.0
DB01_to_DK03#alt6,6,87,1700.0,1150.0,0.1648,0.0
DB01_to_DK03#alt6,6,88,1650.0,1200.0,0.2076,0.0
DB01_to_DK03#alt6,6,89,1600.0,1200.0,0.2252,0.0
DB01_to_DK03#alt6,6,90,1550.0,1200.0,0.2407,0.0
DB01_to_DK03#alt6,6,91,1500.0,1200.0,0.253,0.0
DB01_to_DK03#alt6,6,92,1450.0,1200.0,0.2609,0.0
DB01_to_DK03#alt6,6,93,1400.0,1200.0,0.2636,0.0
DB01_to_DK03#alt6,6,94,1350.0,1200.0,0.2636,0.0
DB01_to_DK03#alt6,6,95,1300.0,1200.0,0.2636,0.0
DB01_to_DK03#alt6,6,96,1250.0,1250.0,0.3114,0.0
DB01_to_DK03#alt6,6,97,1200.0,1250.0,0.3269,0.0
DB01_to_DK03#alt6,6,98,1150.0,1250.0,0.3485,0.0
DB01_to_DK03#alt6,6,99,1100.0,1250.0,0.3628,0.0
DB01_to_DK03#alt6,6,100,1050.0,1250.0,0.3679,0.0
DB01_to_DK03#alt7,7,0,1000.0,3900.0,0.7165,0.0
DB01_to_DK03#alt7,7,1,950.0,3900.0,0.6889,0.0
DB01_to_DK03#alt7,7,2,900.0,3850.0,0.6889,0.0
DB01_to_DK03#alt7,7,3,850.0,3850.0,0.6241,0.0
DB01_to_DK03#alt7,7,4,800.0,3850.0,0.5483,0.0
DB01_to_DK03#alt7,7,5,750.0,3800.0,0.503,0.0
DB01_to_DK03#alt7,7,6,700.0,3800.0,0.4346,0.0
DB01_to_DK03#alt7,7,7,650.0,3750.0,0.4076,0.0
DB01_to_DK03#alt7,7,8,600.0,3750.0,0.3485,0.0
DB01_to_DK03#alt7,7,9,600.0,3700.0,0.3628,0.0
DB01_to_DK03#alt7,7,10,650.0,3650.0,0.4346,0.0
DB01_to_DK03#alt7,7,11,650.0,3600.0,0.4746,0.0
DB01_to_DK03#alt7,7,12,700.0,3550.0,0.5903,0.0
DB01_to_DK03#alt7,7,13,700.0,3500.0,0.6065,0.0
DB01_to_DK03#alt7,7,14,750.0,3450.0,0.6889,0.0
DB01_to_DK03#alt7,7,15,750.0,3400.0,0.6241,0.0
DB01_to_DK03#alt7,7,16,800.0,3350.0,0.7165,0.0
DB01_to_DK03#alt7,7,17,800.0,3300.0,0.6889,0.0
DB01_to_DK03#alt7,7,18,850.0,3250.0,0.7165,0.0
DB01_to_DK03#alt7,7,19,850.0,3200.0,0.6889,0.0
DB01_to_DK03#alt7,7,20,900.0,3150.0,0.6889,0.0
DB01_to_DK03#alt7,7,21,900.0,3100.0,0.6241,0.0
DB01_to_DK03#alt7,7,22,950.0,3050.0,0.5903,0.0
DB01_to_DK03#alt7,7,23,950.0,3000.0,0.503,0.0
DB01_to_DK03#alt7,7,24,1000.0,2950.0,0.4746,0.0
DB01_to_DK03#alt7,7,25,1000.0,2900.0,0.4076,0.0
DB01_to_DK03#alt7,7,26,1050.0,2850.0,0.3628,0.0
DB01_to_DK03#alt7,7,27,1050.0,2800.0,0.3077,0.0
DB01_to_DK03#alt7,7,28,1100.0,2750.0,0.3006,0.0
DB01_to_DK03#alt7,7,29,1100.0,2700.0,0.3269,0.0
DB01_to_DK03#alt7,7,30,1150.0,2650.0,0.4076,0.0
DB01_to_DK03#alt7,7,31,1150.0,2600.0,0.4275,0.0
DB01_to_DK03#alt7,7,32,1200.0,2550.0,0.5134,0.0
DB01_to_DK03#alt7,7,33,1200.0,2500.0,0.5134,0.0
DB01_to_DK03#alt7,7,34,1250.0,2450.0,0.6065,0.0
DB01_to_DK03#alt7,7,35,1250.0,2400.0,0.6065,0.0
DB01_to_DK03#alt7,7,36,1300.0,2350.0,0.6889,0.0
DB01_to_DK03#alt7,7,37,1300.0,2300.0,0.6241,0.0
DB01_to_DK03#alt7,7,38,1350.0,2250.0,0.6241,0.0
DB01_to_DK03#alt7,7,39,1350.0,2200.0,0.5483,0.0
DB01_to_DK03#alt7,7,40,1400.0,2150.0,0.5483,0.0
DB01_to_DK03#alt7,7,41,1400.0,2100.0,0.6065,0.0
DB01_to_DK03#alt7,7,42,1450.0,2050.0,0.6889,0.0
DB01_to_DK03#alt7,7,43,1500.0,2000.0,0.6889,0.0
DB01_to_DK03#alt7,7,44,1550.0,1950.0,0.6889,0.0
DB01_to_DK03#alt7,7,45,1600.0,1900.0,0.6241,0.0
DB01_to_DK03#alt7,7,46,1600.0,1850.0,0.6889,0.0
DB01_to_DK03#alt7,7,47,1600.0,1800.0,0.7165,0.0
DB01_to_DK03#alt7,7,48,1600.0,1750.0,0.7165,0.0
DB01_to_DK03#alt7,7,49,1600.0,1700.0,0.7165,0.0
DB01_to_DK03#alt7,7,50,1600.0,1650.0,0.6889,0.0
DB01_to_DK03#alt7,7,51,1550.0,1600.0,0.6889,0.0
DB01_to_DK03#alt7,7,52,1500.0,1550.0,0.6889,0.0
DB01_to_DK03#alt7,7,53,1450.0,1500.0,0.6889,0.0
DB01_to_DK03#alt7,7,54,1400.0,1500.0,0.7165,0.0
DB01_to_DK03#alt7,7,55,1350.0,1450.0,0.6065,0.0
DB01_to_DK03#alt7,7,56,1300.0,1400.0,0.5134,0.0
DB01_to_DK03#alt7,7,57,1250.0,1350.0,0.4346,0.0
DB01_to_DK03#alt7,7,58,1200.0,1350.0,0.4346,0.0
DB01_to_DK03#alt7,7,59,1150.0,1300.0,0.4076,0.0
DB01_to_DK03#alt7,7,60,1100.0,1300.0,0.4275,0.0
DB01_to_DK03#alt7,7,61,1050.0,1250.0,0.3679,0.0
DB02_to_DK03#alt0,0,0,1800.0,1100.0,0.1183,0.0
DB02_to_DK03#alt0,0,1,1750.0,1100.0,0.1308,0.0
DB02_to_DK03#alt0,0,2,1700.0,1100.0,0.1432,0.0
DB02_to_DK03#alt0,0,3,1650.0,1150.0,0.1798,0.0
DB02_to_DK03#alt0,0,4,1600.0,1150.0,0.1937,0.0
DB02_to_DK03#alt0,0,5,1550.0,1150.0,0.2057,0.0
DB02_to_DK03#alt0,0,6,1500.0,1150.0,0.2151,0.0
DB02_to_DK03#alt0,0,7,1450.0,1150.0,0.2211,0.0
DB02_to_DK03#alt0,0,8,1400.0,1200.0,0.2636,0.0
DB02_to_DK03#alt0,0,9,1350.0,1200.0,0.2636,0.0
DB02_to_DK03#alt0,0,10,1300.0,1200.0,0.2636,0.0
DB02_to_DK03#alt0,0,11,1250.0,1200.0,0.2636,0.0
DB02_to_DK03#alt0,0,12,1200.0,1200.0,0.281,0.0
DB02_to_DK03#alt0,0,13,1150.0,1250.0,0.3485,0.0
DB02_to_DK03#alt0,0,14,1100.0,1250.0,0.3628,0.0
DB02_to_DK03#alt0,0,15,1050.0,1250.0,0.3679,0.0
DB02_to_DK03#alt1,1,0,1800.0,1100.0,0.1183,0.0
DB02_to_DK03#alt1,1,1,1750.0,1100.0,0.1308,0.0
DB02_to_DK03#alt1,1,2,1700.0,1100.0,0.1432,0.0
DB02_to_DK03#alt1,1,3,1650.0,1150.0,0.1798,0.0
DB02_to_DK03#alt1,1,4,1600.0,1150.0,0.1937,0.0
DB02_to_DK03#alt1,1,5,1550.0,1150.0,0.2057,0.0
DB02_to_DK03#alt1,1,6,1500.0,1150.0,0.2151,0.0
DB02_to_DK03#alt1,1,7,1450.0,1150.0,0.2211,0.0
DB02_to_DK03#alt1,1,8,1400.0,1200.0,0.2636,0.0
DB02_to_DK03#alt1,1,9,1350.0,1200.0,0.2636,0.0
DB02_to_DK03#alt1,1,10,1300.0,1200.0,0.2636,0.0
DB02_to_DK03#alt1,1,11,1250.0,1200.0,0.2636,0.0
DB02_to_DK03#alt1,1,12,1200.0,1200.0,0.281,0.0
DB02_to_DK03#alt1,1,13,1150.0,1250.0,0.3485,0.0
DB02_to_DK03#alt1,1,14,1100.0,1250.0,0.3628,0.0
DB02_to_DK03#alt1,1,15,1050.0,1250.0,0.3679,0.0
DB02_to_DK03#alt2,2,0,1800.0,1100.0,0.1183,0.0
DB02_to_DK03#alt2,2,1,1750.0,1100.0,0.1308,0.0
DB02_to_DK03#alt2,2,2,1700.0,1100.0,0.1432,0.0
DB02_to_DK03#alt2,2,3,1650.0,1150.0,0.1798,0.0
DB02_to_DK03#alt2,2,4,1600.0,1150.0,0.1937,0.0
DB02_to_DK03#alt2,2,5,1550.0,1150.0,0.2057,0.0
DB02_to_DK03#alt2,2,6,1500.0,1150.0,0.2151,0.0
DB02_to_DK03#alt2,2,7,1450.0,1150.0,0.2211,0.0
DB02_to_DK03#alt2,2,8,1400.0,1200.0,0.2636,0.0
DB02_to_DK03#alt2,2,9,1350.0,1200.0,0.2636,0.0
DB02_to_DK03#alt2,2,10,1300.0,1200.0,0.2636,0.0
DB02_to_DK03#alt2,2,11,1250.0,1200.0,0.2636,0.0
DB02_to_DK03#alt2,2,12,1200.0,1200.0,0.281,0.0
DB02_to_DK03#alt2,2,13,1150.0,1250.0,0.3485,0.0
DB02_to_DK03#alt2,2,14,1100.0,1250.0,0.3628,0.0
DB02_to_DK03#alt2,2,15,1050.0,1250.0,0.3679,0.0
DB02_to_DK03#alt3,3,0,1800.0,1100.0,0.1183,0.0
DB02_to_DK03#alt3,3,1,1750.0,1100.0,0.1308,0.0
DB02_to_DK03#alt3,3,2,1700.0,1100.0,0.1432,0.0
DB02_to_DK03#alt3,3,3,1650.0,1150.0,0.1798,0.0
DB02_to_DK03#alt3,3,4,1600.0,1150.0,0.1937,0.0
DB02_to_DK03#alt3,3,5,1550.0,1150.0,0.2057,0.0
DB02_to_DK03#alt3,3,6,1500.0,1150.0,0.2151,0.0
DB02_to_DK03#alt3,3,7,1450.0,1150.0,0.2211,0.0
DB02_to_DK03#alt3,3,8,1400.0,1200.0,0.2636,0.0
DB02_to_DK03#alt3,3,9,1350.0,1200.0,0.2636,0.0
DB02_to_DK03#alt3,3,10,1300.0,1200.0,0.2636,0.0
DB02_to_DK03#alt3,3,11,1250.0,1200.0,0.2636,0.0
DB02_to_DK03#alt3,3,12,1200.0,1200.0,0.281,0.0
DB02_to_DK03#alt3,3,13,1150.0,1250.0,0.3485,0.0
DB02_to_DK03#alt3,3,14,1100.0,1250.0,0.3628,0.0
DB02_to_DK03#alt3,3,15,1050.0,1250.0,0.3679,0.0
DB02_to_DK03#alt4,4,0,1800.0,1100.0,0.1183,0.0
DB02_to_DK03#alt4,4,1,1750.0,1100.0,0.1308,0.0
DB02_to_DK03#alt4,4,2,1700.0,1100.0,0.1432,0.0
DB02_to_DK03#alt4,4,3,1650.0,1150.0,0.1798,0.0
DB02_to_DK03#alt4,4,4,1600.0,1150.0,0.1937,0.0
DB02_to_DK03#alt4,4,5,1550.0,1150.0,0.2057,0.0
DB02_to_DK03#alt4,4,6,1500.0,1150.0,0.2151,0.0
DB02_to_DK03#alt4,4,7,1450.0,1150.0,0.2211,0.0
DB02_to_DK03#alt4,4,8,1400.0,1200.0,0.2636,0.0
DB02_to_DK03#alt4,4,9,1350.0,1200.0,0.2636,0.0
DB02_to_DK03#alt4,4,10,1300.0,1200.0,0.2636,0.0
DB02_to_DK03#alt4,4,11,1250.0,1200.0,0.2636,0.0
DB02_to_DK03#alt4,4,12,1200.0,1200.0,0.281,0.0
DB02_to_DK03#alt4,4,13,1150.0,1250.0,0.3485,0.0
DB02_to_DK03#alt4,4,14,1100.0,1250.0,0.3628,0.0
DB02_to_DK03#alt4,4,15,1050.0,1250.0,0.3679,0.0
DB02_to_DK03#alt5,5,0,1800.0,1100.0,0.1183,0.0
DB02_to_DK03#alt5,5,1,1750.0,1100.0,0.1308,0.0
DB02_to_DK03#alt5,5,2,1700.0,1100.0,0.1432,0.0
DB02_to_DK03#alt5,5,3,1650.0,1150.0,0.1798,0.0
DB02_to_DK03#alt5,5,4,1600.0,1150.0,0.1937,0.0
DB02_to_DK03#alt5,5,5,1550.0,1150.0,0.2057,0.0
DB02_to_DK03#alt5,5,6,1500.0,1150.0,0.2151,0.0
DB02_to_DK03#alt5,5,7,1450.0,1150.0,0.2211,0.0
DB02_to_DK03#alt5,5,8,1400.0,1200.0,0.2636,0.0
DB02_to_DK03#alt5,5,9,1350.0,1200.0,0.2636,0.0
DB02_to_DK03#alt5,5,10,1300.0,1200.0,0.2636,0.0
DB02_to_DK03#alt5,5,11,1250.0,1200.0,0.2636,0.0
DB02_to_DK03#alt5,5,12,1200.0,1200.0,0.281,0.0
DB02_to_DK03#alt5,5,13,1150.0,1250.0,0.3485,0.0
DB02_to_DK03#alt5,5,14,1100.0,1250.0,0.3628,0.0
DB02_to_DK03#alt5,5,15,1050.0,1250.0,0.3679,0.0
DB02_to_DK03#alt6,6,0,1800.0,1100.0,0.1183,0.0
DB02_to_DK03#alt6,6,1,1750.0,1100.0,0.1308,0.0
DB02_to_DK03#alt6,6,2,1700.0,1100.0,0.1432,0.0
DB02_to_DK03#alt6,6,3,1650.0,1150.0,0.1798,0.0
DB02_to_DK03#alt6,6,4,1600.0,1150.0,0.1937,0.0
DB02_to_DK03#alt6,6,5,1550.0,1150.0,0.2057,0.0
DB02_to_DK03#alt6,6,6,1500.0,1150.0,0.2151,0.0
DB02_to_DK03#alt6,6,7,1450.0,1150.0,0.2211,0.0
DB02_to_DK03#alt6,6,8,1400.0,1200.0,0.2636,0.0
DB02_to_DK03#alt6,6,9,1350.0,1200.0,0.2636,0.0
DB02_to_DK03#alt6,6,10,1300.0,1200.0,0.2636,0.0
DB02_to_DK03#alt6,6,11,1250.0,1200.0,0.2636,0.0
DB02_to_DK03#alt6,6,12,1200.0,1200.0,0.281,0.0
DB02_to_DK03#alt6,6,13,1150.0,1250.0,0.3485,0.0
DB02_to_DK03#alt6,6,14,1100.0,1250.0,0.3628,0.0
DB02_to_DK03#alt6,6,15,1050.0,1250.0,0.3679,0.0
DB02_to_DK03#alt7,7,0,1800.0,1100.0,0.1183,0.0
DB02_to_DK03#alt7,7,1,1750.0,1100.0,0.1308,0.0
DB02_to_DK03#alt7,7,2,1700.0,1100.0,0.1432,0.0
DB02_to_DK03#alt7,7,3,1650.0,1150.0,0.1798,0.0
DB02_to_DK03#alt7,7,4,1600.0,1150.0,0.1937,0.0
DB02_to_DK03#alt7,7,5,1550.0,1150.0,0.2057,0.0
DB02_to_DK03#alt7,7,6,1500.0,1150.0,0.2151,0.0
DB02_to_DK03#alt7,7,7,1450.0,1150.0,0.2211,0.0
DB02_to_DK03#alt7,7,8,1400.0,1200.0,0.2636,0.0
DB02_to_DK03#alt7,7,9,1350.0,1200.0,0.2636,0.0
DB02_to_DK03#alt7,7,10,1300.0,1200.0,0.2636,0.0
DB02_to_DK03#alt7,7,11,1250.0,1200.0,0.2636,0.0
DB02_to_DK03#alt7,7,12,1200.0,1200.0,0.281,0.0
DB02_to_DK03#alt7,7,13,1150.0,1250.0,0.3485,0.0
DB02_to_DK03#alt7,7,14,1100.0,1250.0,0.3628,0.0
DB02_to_DK03#alt7,7,15,1050.0,1250.0,0.3679,0.0
DB01_to_DK01#alt0,0,0,1000.0,3900.0,0.7165,0.0
DB01_to_DK01#alt0,0,1,950.0,3900.0,0.6889,0.0
DB01_to_DK01#alt0,0,2,900.0,3850.0,0.6889,0.0
DB01_to_DK01#alt0,0,3,850.0,3850.0,0.6241,0.0
DB01_to_DK01#alt0,0,4,800.0,3800.0,0.5903,0.0
DB01_to_DK01#alt0,0,5,750.0,3800.0,0.503,0.0
DB01_to_DK01#alt0,0,6,700.0,3750.0,0.4746,0.0
DB01_to_DK01#alt0,0,7,650.0,3750.0,0.4076,0.0
DB01_to_DK01#alt0,0,8,600.0,3700.0,0.3628,0.0
DB01_to_DK01#alt0,0,9,550.0,3700.0,0.3077,0.0
DB01_to_DK01#alt0,0,10,500.0,3700.0,0.2609,0.0
DB01_to_DK01#alt0,0,11,450.0,3650.0,0.2407,0.0
DB01_to_DK01#alt0,0,12,400.0,3650.0,0.2057,0.0
DB01_to_DK01#alt0,0,13,350.0,3600.0,0.1827,0.0
DB01_to_DK01#alt0,0,14,300.0,3600.0,0.1551,0.0
DB01_to_DK01#alt0,0,15,250.0,3550.0,0.1344,0.0
DB01_to_DK01#alt0,0,16,200.0,3550.0,0.1138,0.0
DB01_to_DK01#alt0,0,17,150.0,3500.0,0.097,0.0
DB01_to_DK01#alt0,0,18,100.0,3500.0,0.0821,0.0
DB01_to_DK01#alt0,0,19,100.0,3450.0,0.0816,0.0
DB01_to_DK01#alt0,0,20,150.0,3400.0,0.0947,0.0
DB01_to_DK01#alt0,0,21,150.0,3350.0,0.092,0.0
DB01_to_DK01#alt0,0,22,150.0,3300.0,0.0883,0.0
DB01_to_DK01#alt0,0,23,200.0,3250.0,0.0981,0.0
DB01_to_DK01#alt0,0,24,200.0,3200.0,0.092,0.0
DB01_to_DK01#alt0,0,25,250.0,3150.0,0.1036,0.0
DB01_to_DK01#alt0,0,26,250.0,3100.0,0.0981,0.0
DB01_to_DK01#alt0,0,27,250.0,3050.0,0.092,0.0
DB01_to_DK01#alt0,0,28,300.0,3000.0,0.0987,0.0
DB01_to_DK01#alt0,0,29,300.0,2950.0,0.092,0.0
DB01_to_DK01#alt0,0,30,300.0,2900.0,0.0854,0.0
DB01_to_DK01#alt0,0,31,350.0,2850.0,0.0904,0.0
DB01_to_DK01#alt0,0,32,350.0,2800.0,0.0821,0.0
DB01_to_DK01#alt0,0,33,400.0,2750.0,0.0839,0.0
DB01_to_DK01#alt0,0,34,400.0,2700.0,0.0748,0.0
DB01_to_DK01#alt0,0,35,400.0,2650.0,0.0663,0.0
DB01_to_DK01#alt0,0,36,450.0,2600.0,0.0663,0.0
DB01_to_DK01#alt0,0,37,450.0,2550.0,0.0585,0.0
DB01_to_DK01#alt0,0,38,450.0,2500.0,0.0514,0.0
DB01_to_DK01#alt0,0,39,500.0,2450.0,0.0568,0.0
DB01_to_DK01#alt0,0,40,500.0,2400.0,0.065,0.0
DB01_to_DK01#alt0,0,41,550.0,2350.0,0.0821,0.0
DB01_to_DK01#alt0,0,42,550.0,2300.0,0.0936,0.0
DB01_to_DK01#alt0,0,43,550.0,2250.0,0.1062,0.0
DB01_to_DK01#alt0,0,44,600.0,2200.0,0.1344,0.0
DB01_to_DK01#alt0,0,45,600.0,2150.0,0.1517,0.0
DB01_to_DK01#alt0,0,46,600.0,2100.0,0.17,0.0
DB01_to_DK01#alt0,0,47,650.0,2050.0,0.2151,0.0
DB01_to_DK01#alt0,0,48,650.0,2000.0,0.2431,0.0
DB01_to_DK01#alt0,0,49,700.0,1950.0,0.3077,0.0
DB01_to_DK01#alt0,0,50,700.0,1900.0,0.344,0.0
DB01_to_DK01#alt0,0,51,700.0,1850.0,0.3895,0.0
DB01_to_DK01#alt0,0,52,750.0,1800.0,0.4931,0.0
DB01_to_DK01#alt0,0,53,750.0,1750.0,0.5483,0.0
DB01_to_DK01#alt0,0,54,750.0,1700.0,0.5903,0.0
DB01_to_DK01#alt0,0,55,800.0,1650.0,0.7165,0.0
DB01_to_DK01#alt0,0,56,800.0,1600.0,0.6889,0.0
DB01_to_DK01#alt0,0,57,850.0,1550.0,0.7165,0.0
DB01_to_DK01#alt0,0,58,850.0,1500.0,0.6889,0.0
DB01_to_DK01#alt0,0,59,850.0,1450.0,0.6241,0.0
DB01_to_DK01#alt0,0,60,900.0,1400.0,0.5903,0.0
DB01_to_DK01#alt0,0,61,900.0,1350.0,0.503,0.0
DB01_to_DK01#alt0,0,62,900.0,1300.0,0.4275,0.0
DB01_to_DK01#alt0,0,63,950.0,1250.0,0.3679,0.0
DB01_to_DK01#alt0,0,64,950.0,1200.0,0.3114,0.0
DB01_to_DK01#alt0,0,65,1000.0,1150.0,0.2636,0.0
DB01_to_DK01#alt0,0,66,1000.0,1100.0,0.2231,0.0
DB01_to_DK01#alt0,0,67,1000.0,1050.0,0.2384,0.0
DB01_to_DK01#alt0,0,68,1050.0,1000.0,0.2431,0.0
DB01_to_DK01#alt0,0,69,1050.0,950.0,0.2721,0.0
DB01_to_DK01#alt0,0,70,1050.0,900.0,0.3006,0.0
DB01_to_DK01#alt0,0,71,1100.0,850.0,0.281,0.0
DB01_to_DK01#alt0,0,72,1100.0,800.0,0.2972,0.0
DB01_to_DK01#alt0,0,73,1150.0,750.0,0.2609,0.0
DB01_to_DK01#alt0,0,74,1150.0,700.0,0.2636,0.0
DB01_to_DK01#alt0,0,75,1150.0,650.0,0.2636,0.0
DB01_to_DK01#alt0,0,76,1200.0,600.0,0.2211,0.0
DB01_to_DK01#alt0,0,77,1200.0,550.0,0.2151,0.0
DB01_to_DK01#alt1,1,0,1000.0,3900.0,0.7165,0.0
DB01_to_DK01#alt1,1,1,950.0,3900.0,0.6889,0.0
DB01_to_DK01#alt1,1,2,900.0,3850.0,0.6889,0.0
DB01_to_DK01#alt1,1,3,850.0,3850.0,0.6241,0.0
DB01_to_DK01#alt1,1,4,800.0,3800.0,0.5903,0.0
DB01_to_DK01#alt1,1,5,750.0,3800.0,0.503,0.0
DB01_to_DK01#alt1,1,6,700.0,3750.0,0.4746,0.0
DB01_to_DK01#alt1,1,7,650.0,3750.0,0.4076,0.0
DB01_to_DK01#alt1,1,8,600.0,3700.0,0.3628,0.0
DB01_to_DK01#alt1,1,9,550.0,3700.0,0.3077,0.0
DB01_to_DK01#alt1,1,10,500.0,3650.0,0.281,0.0
DB01_to_DK01#alt1,1,11,450.0,3650.0,0.2407,0.0
DB01_to_DK01#alt1,1,12,400.0,3600.0,0.2151,0.0
DB01_to_DK01#alt1,1,13,350.0,3600.0,0.1827,0.0
DB01_to_DK01#alt1,1,14,300.0,3550.0,0.1587,0.0
DB01_to_DK01#alt1,1,15,250.0,3550.0,0.1344,0.0
DB01_to_DK01#alt1,1,16,200.0,3500.0,0.1146,0.0
DB01_to_DK01#alt1,1,17,150.0,3500.0,0.097,0.0
DB01_to_DK01#alt1,1,18,100.0,3450.0,0.0816,0.0
DB01_to_DK01#alt1,1,19,50.0,3450.0,0.0691,0.0
DB01_to_DK01#alt1,1,20,50.0,3400.0,0.0681,0.0
DB01_to_DK01#alt1,1,21,100.0,3350.0,0.0781,0.0
DB01_to_DK01#alt1,1,22,100.0,3300.0,0.0752,0.0
DB01_to_DK01#alt1,1,23,150.0,3250.0,0.0839,0.0
DB01_to_DK01#alt1,1,24,150.0,3200.0,0.079,0.0
DB01_to_DK01#alt1,1,25,150.0,3150.0,0.0752,0.0
DB01_to_DK01#alt1,1,26,200.0,3100.0,0.0839,0.0
DB01_to_DK01#alt1,1,27,200.0,3050.0,0.079,0.0
DB01_to_DK01#alt1,1,28,250.0,3000.0,0.0854,0.0
DB01_to_DK01#alt1,1,29,250.0,2950.0,0.079,0.0
DB01_to_DK01#alt1,1,30,250.0,2900.0,0.0736,0.0
DB01_to_DK01#alt1,1,31,300.0,2850.0,0.0785,0.0
DB01_to_DK01#alt1,1,32,300.0,2800.0,0.0717,0.0
DB01_to_DK01#alt1,1,33,350.0,2750.0,0.074,0.0
DB01_to_DK01#alt1,1,34,350.0,2700.0,0.0663,0.0
DB01_to_DK01#alt1,1,35,350.0,2650.0,0.0591,0.0
DB01_to_DK01#alt1,1,36,400.0,2600.0,0.0591,0.0
DB01_to_DK01#alt1,1,37,400.0,2550.0,0.0524,0.0
DB01_to_DK01#alt1,1,38,450.0,2500.0,0.0514,0.0
DB01_to_DK01#alt1,1,39,450.0,2450.0,0.0514,0.0
DB01_to_DK01#alt1,1,40,450.0,2400.0,0.0585,0.0
DB01_to_DK01#alt1,1,41,500.0,2350.0,0.074,0.0
DB01_to_DK01#alt1,1,42,500.0,2300.0,0.0839,0.0
DB01_to_DK01#alt1,1,43,550.0,2250.0,0.1062,0.0
DB01_to_DK01#alt1,1,44,550.0,2200.0,0.1199,0.0
DB01_to_DK01#alt1,1,45,550.0,2150.0,0.1344,0.0
DB01_to_DK01#alt1,1,46,600.0,2100.0,0.17,0.0
DB01_to_DK01#alt1,1,47,600.0,2050.0,0.1921,0.0
DB01_to_DK01#alt1,1,48,600.0,2000.0,0.2151,0.0
DB01_to_DK01#alt1,1,49,650.0,1950.0,0.2721,0.0
DB01_to_DK01#alt1,1,50,650.0,1900.0,0.3077,0.0
DB01_to_DK01#alt1,1,51,700.0,1850.0,0.3895,0.0
DB01_to_DK01#alt1,1,52,700.0,1800.0,0.4346,0.0
DB01_to_DK01#alt1,1,53,700.0,1750.0,0.4746,0.0
DB01_to_DK01#alt1,1,54,750.0,1700.0,0.5903,0.0
DB01_to_DK01#alt1,1,55,750.0,1650.0,0.6065,0.0
DB01_to_DK01#alt1,1,56,800.0,1600.0,0.6889,0.0
DB01_to_DK01#alt1,1,57,800.0,1550.0,0.6241,0.0
DB01_to_DK01#alt1,1,58,800.0,1500.0,0.5903,0.0
DB01_to_DK01#alt1,1,59,850.0,1450.0,0.6241,0.0
DB01_to_DK01#alt1,1,60,850.0,1400.0,0.5483,0.0
DB01_to_DK01#alt1,1,61,900.0,1350.0,0.503,0.0
DB01_to_DK01#alt1,1,62,900.0,1300.0,0.4275,0.0
DB01_to_DK01#alt1,1,63,900.0,1250.0,0.3628,0.0
DB01_to_DK01#alt1,1,64,950.0,1200.0,0.3114,0.0
DB01_to_DK01#alt1,1,65,950.0,1150.0,0.2636,0.0
DB01_to_DK01#alt1,1,66,1000.0,1100.0,0.2231,0.0
DB01_to_DK01#alt1,1,67,1000.0,1050.0,0.2384,0.0
DB01_to_DK01#alt1,1,68,1000.0,1000.0,0.2721,0.0
DB01_to_DK01#alt1,1,69,1050.0,950.0,0.2721,0.0
DB01_to_DK01#alt1,1,70,1050.0,900.0,0.3006,0.0
DB01_to_DK01#alt1,1,71,1100.0,850.0,0.281,0.0
DB01_to_DK01#alt1,1,72,1100.0,800.0,0.2972,0.0
DB01_to_DK01#alt1,1,73,1100.0,750.0,0.3077,0.0
DB01_to_DK01#alt1,1,74,1150.0,700.0,0.2636,0.0
DB01_to_DK01#alt1,1,75,1150.0,650.0,0.2636,0.0
DB01_to_DK01#alt1,1,76,1200.0,600.0,0.2211,0.0
DB01_to_DK01#alt1,1,77,1200.0,550.0,0.2151,0.0
DB01_to_DK01#alt2,2,0,1000.0,3900.0,0.7165,0.0
DB01_to_DK01#alt2,2,1,1000.0,3950.0,0.6241,0.0
DB01_to_DK01#alt2,2,2,1000.0,4000.0,0.5483,0.0
DB01_to_DK01#alt2,2,3,1050.0,4050.0,0.503,0.0
DB01_to_DK01#alt2,2,4,1050.0,4100.0,0.4931,0.0
DB01_to_DK01#alt2,2,5,1050.0,4150.0,0.5483,0.0
DB01_to_DK01#alt2,2,6,1050.0,4200.0,0.6241,0.0
DB01_to_DK01#alt2,2,7,1050.0,4250.0,0.6889,0.0
DB01_to_DK01#alt2,2,8,1100.0,4300.0,0.7165,0.0
DB01_to_DK01#alt2,2,9,1100.0,4350.0,0.7165,0.0
DB01_to_DK01#alt2,2,10,1100.0,4400.0,0.6889,0.0
DB01_to_DK01#alt2,2,11,1100.0,4450.0,0.6241,0.0
DB01_to_DK01#alt2,2,12,1150.0,4500.0,0.6889,0.0
DB01_to_DK01#alt2,2,13,1150.0,4550.0,0.6241,0.0
DB01_to_DK01#alt2,2,14,1150.0,4600.0,0.5483,0.0
DB01_to_DK01#alt2,2,15,1200.0,4600.0,0.5903,0.0
DB01_to_DK01#alt2,2,16,1250.0,4650.0,0.5134,0.0
DB01_to_DK01#alt2,2,17,1300.0,4650.0,0.5134,0.0
DB01_to_DK01#alt2,2,18,1350.0,4700.0,0.4346,0.0
DB01_to_DK01#alt2,2,19,1400.0,4700.0,0.4346,0.0
DB01_to_DK01#alt2,2,20,1450.0,4700.0,0.4346,0.0
DB01_to_DK01#alt2,2,21,1500.0,4750.0,0.3679,0.0
DB01_to_DK01#alt2,2,22,1550.0,4750.0,0.3628,0.0
DB01_to_DK01#alt2,2,23,1600.0,4800.0,0.4076,0.0
DB01_to_DK01#alt2,2,24,1650.0,4800.0,0.4746,0.0
DB01_to_DK01#alt2,2,25,1700.0,4850.0,0.4931,0.0
DB01_to_DK01#alt2,2,26,1750.0,4850.0,0.5483,0.0
DB01_to_DK01#alt2,2,27,1800.0,4850.0,0.6241,0.0
DB01_to_DK01#alt2,2,28,1850.0,4900.0,0.6241,0.0
DB01_to_DK01#alt2,2,29,1900.0,4900.0,0.6889,0.0
DB01_to_DK01#alt2,2,30,1950.0,4950.0,0.6889,0.0
DB01_to_DK01#alt2,2,31,2000.0,4950.0,0.7165,0.0
DB01_to_DK01#alt2,2,32,2050.0,4950.0,0.7165,0.0
DB01_to_DK01#alt2,2,33,2100.0,4950.0,0.6889,0.0
DB01_to_DK01#alt2,2,34,2150.0,4900.0,0.7165,0.0
DB01_to_DK01#alt2,2,35,2200.0,4900.0,0.6889,0.0
DB01_to_DK01#alt2,2,36,2250.0,4850.0,0.6889,0.0
DB01_to_DK01#alt2,2,37,2300.0,4800.0,0.6889,0.0
DB01_to_DK01#alt2,2,38,2300.0,4750.0,0.7165,0.0
DB01_to_DK01#alt2,2,39,2350.0,4700.0,0.6065,0.0
DB01_to_DK01#alt2,2,40,2400.0,4650.0,0.5134,0.0
DB01_to_DK01#alt2,2,41,2450.0,4600.0,0.4346,0.0
DB01_to_DK01#alt2,2,42,2450.0,4550.0,0.4275,0.0
DB01_to_DK01#alt2,2,43,2450.0,4500.0,0.4076,0.0
DB01_to_DK01#alt2,2,44,2500.0,4450.0,0.3485,0.0
DB01_to_DK01#alt2,2,45,2500.0,4400.0,0.3784,0.0
DB01_to_DK01#alt2,2,46,2500.0,4350.0,0.4076,0.0
DB01_to_DK01#alt2,2,47,2500.0,4300.0,0.4275,0.0
DB01_to_DK01#alt2,2,48,2500.0,4250.0,0.4346,0.0
DB01_to_DK01#alt2,2,49,2500.0,4200.0,0.4346,0.0
DB01_to_DK01#alt2,2,50,2550.0,4150.0,0.5134,0.0
DB01_to_DK01#alt2,2,51,2550.0,4100.0,0.503,0.0
DB01_to_DK01#alt2,2,52,2550.0,4050.0,0.503,0.0
DB01_to_DK01#alt2,2,53,2550.0,4000.0,0.5903,0.0
DB01_to_DK01#alt2,2,54,2550.0,3950.0,0.6889,0.0
DB01_to_DK01#alt2,2,55,2600.0,3900.0,0.6889,0.0
DB01_to_DK01#alt2,2,56,2600.0,3850.0,0.7165,0.0
DB01_to_DK01#alt2,2,57,2600.0,3800.0,0.7165,0.0
DB01_to_DK01#alt2,2,58,2600.0,3750.0,0.7165,0.0
DB01_to_DK01#alt2,2,59,2600.0,3700.0,0.6889,0.0
DB01_to_DK01#alt2,2,60,2600.0,3650.0,0.6241,0.0
DB01_to_DK01#alt2,2,61,2650.0,3600.0,0.4931,0.0
DB01_to_DK01#alt2,2,62,2650.0,3550.0,0.4346,0.0
DB01_to_DK01#alt2,2,63,2650.0,3500.0,0.4346,0.0
DB01_to_DK01#alt2,2,64,2650.0,3450.0,0.4346,0.0
DB01_to_DK01#alt2,2,65,2650.0,3400.0,0.4346,0.0
DB01_to_DK01#alt2,2,66,2700.0,3350.0,0.5134,0.0
DB01_to_DK01#alt2,2,67,2700.0,3300.0,0.503,0.0
DB01_to_DK01#alt2,2,68,2700.0,3250.0,0.4746,0.0
DB01_to_DK01#alt2,2,69,2700.0,3200.0,0.4346,0.0
DB01_to_DK01#alt2,2,70,2700.0,3150.0,0.3895,0.0
DB01_to_DK01#alt2,2,71,2750.0,3100.0,0.3895,0.0
DB01_to_DK01#alt2,2,72,2750.0,3050.0,0.344,0.0
DB01_to_DK01#alt2,2,73,2750.0,3000.0,0.3006,0.0
DB01_to_DK01#alt2,2,74,2750.0,2950.0,0.3077,0.0
DB01_to_DK01#alt2,2,75,2750.0,2900.0,0.344,0.0
DB01_to_DK01#alt2,2,76,2800.0,2850.0,0.3269,0.0
DB01_to_DK01#alt2,2,77,2800.0,2800.0,0.3485,0.0
DB01_to_DK01#alt2,2,78,2800.0,2750.0,0.3628,0.0
DB01_to_DK01#alt2,2,79,2800.0,2700.0,0.3784,0.0
DB01_to_DK01#alt2,2,80,2800.0,2650.0,0.4346,0.0
DB01_to_DK01#alt2,2,81,2850.0,2600.0,0.4346,0.0
DB01_to_DK01#alt2,2,82,2850.0,2550.0,0.4931,0.0
DB01_to_DK01#alt2,2,83,2850.0,2500.0,0.5483,0.0
DB01_to_DK01#alt2,2,84,2850.0,2450.0,0.6241,0.0
DB01_to_DK01#alt2,2,85,2850.0,2400.0,0.6889,0.0
DB01_to_DK01#alt2,2,86,2900.0,2350.0,0.6241,0.0
DB01_to_DK01#alt2,2,87,2900.0,2300.0,0.6889,0.0
DB01_to_DK01#alt2,2,88,2900.0,2250.0,0.7165,0.0
DB01_to_DK01#alt2,2,89,2900.0,2200.0,0.7165,0.0
DB01_to_DK01#alt2,2,90,2900.0,2150.0,0.7165,0.0
DB01_to_DK01#alt2,2,91,2950.0,2100.0,0.6065,0.0
DB01_to_DK01#alt2,2,92,2950.0,2050.0,0.6065,0.0
DB01_to_DK01#alt2,2,93,2950.0,2000.0,0.6065,0.0
DB01_to_DK01#alt2,2,94,2950.0,1950.0,0.6065,0.0
DB01_to_DK01#alt2,2,95,2950.0,1900.0,0.5903,0.0
DB01_to_DK01#alt2,2,96,3000.0,1850.0,0.4746,0.0
DB01_to_DK01#alt2,2,97,3000.0,1800.0,0.4346,0.0
DB01_to_DK01#alt2,2,98,3000.0,1750.0,0.4076,0.0
DB01_to_DK01#alt2,2,99,2950.0,1700.0,0.4346,0.0
DB01_to_DK01#alt2,2,100,2900.0,1650.0,0.5134,0.0
DB01_to_DK01#alt2,2,101,2850.0,1600.0,0.6065,0.0
DB01_to_DK01#alt2,2,102,2800.0,1550.0,0.7165,0.0
DB01_to_DK01#alt2,2,103,2750.0,1550.0,0.6889,0.0
DB01_to_DK01#alt2,2,104,2700.0,1500.0,0.6889,0.0
DB01_to_DK01#alt2,2,105,2650.0,1450.0,0.6065,0.0
DB01_to_DK01#alt2,2,106,2600.0,1400.0,0.5134,0.0
DB01_to_DK01#alt2,2,107,2550.0,1350.0,0.4346,0.0
DB01_to_DK01#alt2,2,108,2500.0,1300.0,0.3679,0.0
DB01_to_DK01#alt2,2,109,2450.0,1250.0,0.3077,0.0
DB01_to_DK01#alt2,2,110,2400.0,1200.0,0.253,0.0
DB01_to_DK01#alt2,2,111,2350.0,1150.0,0.2057,0.0
DB01_to_DK01#alt2,2,112,2300.0,1100.0,0.1661,0.0
DB01_to_DK01#alt2,2,113,2250.0,1100.0,0.1422,0.0
DB01_to_DK01#alt2,2,114,2200.0,1050.0,0.1146,0.0
DB01_to_DK01#alt2,2,115,2150.0,1000.0,0.0947,0.0
DB01_to_DK01#alt2,2,116,2100.0,950.0,0.0781,0.0
DB01_to_DK01#alt2,2,117,2050.0,900.0,0.064,0.0
DB01_to_DK01#alt2,2,118,2000.0,850.0,0.0522,0.0
DB01_to_DK01#alt2,2,119,1950.0,850.0,0.0496,0.0
DB01_to_DK01#alt2,2,120,1900.0,800.0,0.0431,0.0
DB01_to_DK01#alt2,2,121,1850.0,800.0,0.0469,0.0
DB01_to_DK01#alt2,2,122,1800.0,800.0,0.0507,0.0
DB01_to_DK01#alt2,2,123,1750.0,750.0,0.0467,0.0
DB01_to_DK01#alt2,2,124,1700.0,750.0,0.0496,0.0
DB01_to_DK01#alt2,2,125,1650.0,700.0,0.0498,0.0
DB01_to_DK01#alt2,2,126,1600.0,700.0,0.0588,0.0
DB01_to_DK01#alt2,2,127,1550.0,700.0,0.0695,0.0
DB01_to_DK01#alt2,2,128,1500.0,650.0,0.0821,0.0
DB01_to_DK01#alt2,2,129,1450.0,650.0,0.097,0.0
DB01_to_DK01#alt2,2,130,1400.0,650.0,0.1146,0.0
DB01_to_DK01#alt2,2,131,1350.0,600.0,0.1344,0.0
DB01_to_DK01#alt2,2,132,1300.0,600.0,0.1587,0.0
DB01_to_DK01#alt2,2,133,1250.0,550.0,0.1827,0.0
DB01_to_DK01#alt2,2,134,1200.0,550.0,0.2151,0.0
DB01_to_DK01#alt3,3,0,1000.0,3900.0,0.7165,0.0
DB01_to_DK01#alt3,3,1,950.0,3900.0,0.6889,0.0
DB01_to_DK01#alt3,3,2,900.0,3850.0,0.6889,0.0
DB01_to_DK01#alt3,3,3,850.0,3850.0,0.6241,0.0
DB01_to_DK01#alt3,3,4,800.0,3800.0,0.5903,0.0
DB01_to_DK01#alt3,3,5,750.0,3800.0,0.503,0.0
DB01_to_DK01#alt3,3,6,700.0,3750.0,0.4746,0.0
DB01_to_DK01#alt3,3,7,650.0,3750.0,0.4076,0.0
DB01_to_DK01#alt3,3,8,600.0,3700.0,0.3628,0.0
DB01_to_DK01#alt3,3,9,550.0,3700.0,0.3077,0.0
DB01_to_DK01#alt3,3,10,500.0,3700.0,0.2609,0.0
DB01_to_DK01#alt3,3,11,450.0,3650.0,0.2407,0.0
DB01_to_DK01#alt3,3,12,400.0,3650.0,0.2057,0.0
DB01_to_DK01#alt3,3,13,350.0,3600.0,0.1827,0.0
DB01_to_DK01#alt3,3,14,300.0,3600.0,0.1551,0.0
DB01_to_DK01#alt3,3,15,250.0,3550.0,0.1344,0.0
DB01_to_DK01#alt3,3,16,200.0,3550.0,0.1138,0.0
DB01_to_DK01#alt3,3,17,150.0,3500.0,0.097,0.0
DB01_to_DK01#alt3,3,18,100.0,3500.0,0.0821,0.0
DB01_to_DK01#alt3,3,19,100.0,3450.0,0.0816,0.0
DB01_to_DK01#alt3,3,20,150.0,3400.0,0.0947,0.0
DB01_to_DK01#alt3,3,21,150.0,3350.0,0.092,0.0
DB01_to_DK01#alt3,3,22,150.0,3300.0,0.0883,0.0
DB01_to_DK01#alt3,3,23,200.0,3250.0,0.0981,0.0
DB01_to_DK01#alt3,3,24,200.0,3200.0,0.092,0.0
DB01_to_DK01#alt3,3,25,250.0,3150.0,0.1036,0.0
DB01_to_DK01#alt3,3,26,250.0,3100.0,0.0981,0.0
DB01_to_DK01#alt3,3,27,250.0,3050.0,0.092,0.0
DB01_to_DK01#alt3,3,28,300.0,3000.0,0.0987,0.0
DB01_to_DK01#alt3,3,29,300.0,2950.0,0.092,0.0
DB01_to_DK01#alt3,3,30,300.0,2900.0,0.0854,0.0
DB01_to_DK01#alt3,3,31,350.0,2850.0,0.0904,0.0
DB01_to_DK01#alt3,3,32,350.0,2800.0,0.0821,0.0
DB01_to_DK01#alt3,3,33,400.0,2750.0,0.0839,0.0
DB01_to_DK01#alt3,3,34,400.0,2700.0,0.0748,0.0
DB01_to_DK01#alt3,3,35,400.0,2650.0,0.0663,0.0
DB01_to_DK01#alt3,3,36,450.0,2600.0,0.0663,0.0
DB01_to_DK01#alt3,3,37,450.0,2550.0,0.0585,0.0
DB01_to_DK01#alt3,3,38,450.0,2500.0,0.0514,0.0
DB01_to_DK01#alt3,3,39,500.0,2450.0,0.0568,0.0
DB01_to_DK01#alt3,3,40,500.0,2400.0,0.065,0.0
DB01_to_DK01#alt3,3,41,550.0,2350.0,0.0821,0.0
DB01_to_DK01#alt3,3,42,550.0,2300.0,0.0936,0.0
DB01_to_DK01#alt3,3,43,550.0,2250.0,0.1062,0.0
DB01_to_DK01#alt3,3,44,600.0,2200.0,0.1344,0.0
DB01_to_DK01#alt3,3,45,600.0,2150.0,0.1517,0.0
DB01_to_DK01#alt3,3,46,600.0,2100.0,0.17,0.0
DB01_to_DK01#alt3,3,47,650.0,2050.0,0.2151,0.0
DB01_to_DK01#alt3,3,48,650.0,2000.0,0.2431,0.0
DB01_to_DK01#alt3,3,49,700.0,1950.0,0.3077,0.0
DB01_to_DK01#alt3,3,50,700.0,1900.0,0.344,0.0
DB01_to_DK01#alt3,3,51,700.0,1850.0,0.3895,0.0
DB01_to_DK01#alt3,3,52,750.0,1800.0,0.4931,0.0
DB01_to_DK01#alt3,3,53,750.0,1750.0,0.5483,0.0
DB01_to_DK01#alt3,3,54,750.0,1700.0,0.5903,0.0
DB01_to_DK01#alt3,3,55,800.0,1650.0,0.7165,0.0
DB01_to_DK01#alt3,3,56,800.0,1600.0,0.6889,0.0
DB01_to_DK01#alt3,3,57,850.0,1550.0,0.7165,0.0
DB01_to_DK01#alt3,3,58,850.0,1500.0,0.6889,0.0
DB01_to_DK01#alt3,3,59,850.0,1450.0,0.6241,0.0
DB01_to_DK01#alt3,3,60,900.0,1400.0,0.5903,0.0
DB01_to_DK01#alt3,3,61,900.0,1350.0,0.503,0.0
DB01_to_DK01#alt3,3,62,900.0,1300.0,0.4275,0.0
DB01_to_DK01#alt3,3,63,950.0,1250.0,0.3679,0.0
DB01_to_DK01#alt3,3,64,950.0,1200.0,0.3114,0.0
DB01_to_DK01#alt3,3,65,1000.0,1150.0,0.2636,0.0
DB01_to_DK01#alt3,3,66,1000.0,1100.0,0.2231,0.0
DB01_to_DK01#alt3,3,67,1000.0,1050.0,0.2384,0.0
DB01_to_DK01#alt3,3,68,1050.0,1000.0,0.2431,0.0
DB01_to_DK01#alt3,3,69,1050.0,950.0,0.2721,0.0
DB01_to_DK01#alt3,3,70,1050.0,900.0,0.3006,0.0
DB01_to_DK01#alt3,3,71,1100.0,850.0,0.281,0.0
DB01_to_DK01#alt3,3,72,1100.0,800.0,0.2972,0.0
DB01_to_DK01#alt3,3,73,1150.0,750.0,0.2609,0.0
DB01_to_DK01#alt3,3,74,1150.0,700.0,0.2636,0.0
DB01_to_DK01#alt3,3,75,1150.0,650.0,0.2636,0.0
DB01_to_DK01#alt3,3,76,1200.0,600.0,0.2211,0.0
DB01_to_DK01#alt3,3,77,1200.0,550.0,0.2151,0.0
DB01_to_DK01#alt4,4,0,1000.0,3900.0,0.7165,0.0
DB01_to_DK01#alt4,4,1,950.0,3900.0,0.6889,0.0
DB01_to_DK01#alt4,4,2,900.0,3850.0,0.6889,0.0
DB01_to_DK01#alt4,4,3,850.0,3850.0,0.6241,0.0
DB01_to_DK01#alt4,4,4,800.0,3800.0,0.5903,0.0
DB01_to_DK01#alt4,4,5,750.0,3800.0,0.503,0.0
DB01_to_DK01#alt4,4,6,700.0,3750.0,0.4746,0.0
DB01_to_DK01#alt4,4,7,650.0,3750.0,0.4076,0.0
DB01_to_DK01#alt4,4,8,600.0,3700.0,0.3628,0.0
DB01_to_DK01#alt4,4,9,550.0,3700.0,0.3077,0.0
DB01_to_DK01#alt4,4,10,500.0,3650.0,0.281,0.0
DB01_to_DK01#alt4,4,11,450.0,3650.0,0.2407,0.0
DB01_to_DK01#alt4,4,12,400.0,3600.0,0.2151,0.0
DB01_to_DK01#alt4,4,13,350.0,3600.0,0.1827,0.0
DB01_to_DK01#alt4,4,14,300.0,3550.0,0.1587,0.0
DB01_to_DK01#alt4,4,15,250.0,3550.0,0.1344,0.0
DB01_to_DK01#alt4,4,16,200.0,3500.0,0.1146,0.0
DB01_to_DK01#alt4,4,17,150.0,3500.0,0.097,0.0
DB01_to_DK01#alt4,4,18,100.0,3450.0,0.0816,0.0
DB01_to_DK01#alt4,4,19,50.0,3450.0,0.0691,0.0
DB01_to_DK01#alt4,4,20,50.0,3400.0,0.0681,0.0
DB01_to_DK01#alt4,4,21,100.0,3350.0,0.0781,0.0
DB01_to_DK01#alt4,4,22,100.0,3300.0,0.0752,0.0
DB01_to_DK01#alt4,4,23,150.0,3250.0,0.0839,0.0
DB01_to_DK01#alt4,4,24,150.0,3200.0,0.079,0.0
DB01_to_DK01#alt4,4,25,150.0,3150.0,0.0752,0.0
DB01_to_DK01#alt4,4,26,200.0,3100.0,0.0839,0.0
DB01_to_DK01#alt4,4,27,200.0,3050.0,0.079,0.0
DB01_to_DK01#alt4,4,28,250.0,3000.0,0.0854,0.0
DB01_to_DK01#alt4,4,29,250.0,2950.0,0.079,0.0
DB01_to_DK01#alt4,4,30,250.0,2900.0,0.0736,0.0
DB01_to_DK01#alt4,4,31,300.0,2850.0,0.0785,0.0
DB01_to_DK01#alt4,4,32,300.0,2800.0,0.0717,0.0
DB01_to_DK01#alt4,4,33,350.0,2750.0,0.074,0.0
DB01_to_DK01#alt4,4,34,350.0,2700.0,0.0663,0.0
DB01_to_DK01#alt4,4,35,350.0,2650.0,0.0591,0.0
DB01_to_DK01#alt4,4,36,400.0,2600.0,0.0591,0.0
DB01_to_DK01#alt4,4,37,400.0,2550.0,0.0524,0.0
DB01_to_DK01#alt4,4,38,450.0,2500.0,0.0514,0.0
DB01_to_DK01#alt4,4,39,450.0,2450.0,0.0514,0.0
DB01_to_DK01#alt4,4,40,450.0,2400.0,0.0585,0.0
DB01_to_DK01#alt4,4,41,500.0,2350.0,0.074,0.0
DB01_to_DK01#alt4,4,42,500.0,2300.0,0.0839,0.0
DB01_to_DK01#alt4,4,43,550.0,2250.0,0.1062,0.0
DB01_to_DK01#alt4,4,44,550.0,2200.0,0.1199,0.0
DB01_to_DK01#alt4,4,45,550.0,2150.0,0.1344,0.0
DB01_to_DK01#alt4,4,46,600.0,2100.0,0.17,0.0
DB01_to_DK01#alt4,4,47,600.0,2050.0,0.1921,0.0
DB01_to_DK01#alt4,4,48,600.0,2000.0,0.2151,0.0
DB01_to_DK01#alt4,4,49,650.0,1950.0,0.2721,0.0
DB01_to_DK01#alt4,4,50,650.0,1900.0,0.3077,0.0
DB01_to_DK01#alt4,4,51,700.0,1850.0,0.3895,0.0
DB01_to_DK01#alt4,4,52,700.0,1800.0,0.4346,0.0
DB01_to_DK01#alt4,4,53,700.0,1750.0,0.4746,0.0
DB01_to_DK01#alt4,4,54,750.0,1700.0,0.5903,0.0
DB01_to_DK01#alt4,4,55,750.0,1650.0,0.6065,0.0
DB01_to_DK01#alt4,4,56,800.0,1600.0,0.6889,0.0
DB01_to_DK01#alt4,4,57,800.0,1550.0,0.6241,0.0
DB01_to_DK01#alt4,4,58,800.0,1500.0,0.5903,0.0
DB01_to_DK01#alt4,4,59,850.0,1450.0,0.6241,0.0
DB01_to_DK01#alt4,4,60,850.0,1400.0,0.5483,0.0
DB01_to_DK01#alt4,4,61,900.0,1350.0,0.503,0.0
DB01_to_DK01#alt4,4,62,900.0,1300.0,0.4275,0.0
DB01_to_DK01#alt4,4,63,900.0,1250.0,0.3628,0.0
DB01_to_DK01#alt4,4,64,950.0,1200.0,0.3114,0.0
DB01_to_DK01#alt4,4,65,950.0,1150.0,0.2636,0.0
DB01_to_DK01#alt4,4,66,1000.0,1100.0,0.2231,0.0
DB01_to_DK01#alt4,4,67,1000.0,1050.0,0.2384,0.0
DB01_to_DK01#alt4,4,68,1000.0,1000.0,0.2721,0.0
DB01_to_DK01#alt4,4,69,1050.0,950.0,0.2721,0.0
DB01_to_DK01#alt4,4,70,1050.0,900.0,0.3006,0.0
DB01_to_DK01#alt4,4,71,1100.0,850.0,0.281,0.0
DB01_to_DK01#alt4,4,72,1100.0,800.0,0.2972,0.0
DB01_to_DK01#alt4,4,73,1100.0,750.0,0.3077,0.0
DB01_to_DK01#alt4,4,74,1150.0,700.0,0.2636,0.0
DB01_to_DK01#alt4,4,75,1150.0,650.0,0.2636,0.0
DB01_to_DK01#alt4,4,76,1200.0,600.0,0.2211,0.0
DB01_to_DK01#alt4,4,77,1200.0,550.0,0.2151,0.0
DB01_to_DK01#alt5,5,0,1000.0,3900.0,0.7165,0.0
DB01_to_DK01#alt5,5,1,1050.0,3950.0,0.6889,0.0
DB01_to_DK01#alt5,5,2,1100.0,3950.0,0.7165,0.0
DB01_to_DK01#alt5,5,3,1150.0,4000.0,0.6241,0.0
DB01_to_DK01#alt5,5,4,1200.0,4000.0,0.6889,0.0
DB01_to_DK01#alt5,5,5,1250.0,4050.0,0.6889,0.0
DB01_to_DK01#alt5,5,6,1300.0,4000.0,0.6889,0.0
DB01_to_DK01#alt5,5,7,1350.0,4000.0,0.6241,0.0
DB01_to_DK01#alt5,5,8,1400.0,3950.0,0.7165,0.0
DB01_to_DK01#alt5,5,9,1450.0,3950.0,0.6889,0.0
DB01_to_DK01#alt5,5,10,1500.0,3900.0,0.7165,0.0
DB01_to_DK01#alt5,5,11,1550.0,3900.0,0.6889,0.0
DB01_to_DK01#alt5,5,12,1600.0,3850.0,0.6889,0.0
DB01_to_DK01#alt5,5,13,1650.0,3850.0,0.6241,0.0
DB01_to_DK01#alt5,5,14,1700.0,3800.0,0.5903,0.0
DB01_to_DK01#alt5,5,15,1750.0,3800.0,0.5134,0.0
DB01_to_DK01#alt5,5,16,1800.0,3800.0,0.503,0.0
DB01_to_DK01#alt5,5,17,1850.0,3750.0,0.6065,0.0
DB01_to_DK01#alt5,5,18,1900.0,3750.0,0.6065,0.0
DB01_to_DK01#alt5,5,19,1950.0,3750.0,0.6065,0.0
DB01_to_DK01#alt5,5,20,2000.0,3750.0,0.6065,0.0
DB01_to_DK01#alt5,5,21,2050.0,3700.0,0.7165,0.0
DB01_to_DK01#alt5,5,22,2100.0,3700.0,0.6889,0.0
DB01_to_DK01#alt5,5,23,2150.0,3700.0,0.6241,0.0
DB01_to_DK01#alt5,5,24,2200.0,3650.0,0.6241,0.0
DB01_to_DK01#alt5,5,25,2250.0,3650.0,0.5483,0.0
DB01_to_DK01#alt5,5,26,2300.0,3650.0,0.6241,0.0
DB01_to_DK01#alt5,5,27,2350.0,3600.0,0.5903,0.0
DB01_to_DK01#alt5,5,28,2400.0,3600.0,0.6065,0.0
DB01_to_DK01#alt5,5,29,2400.0,3550.0,0.5134,0.0
DB01_to_DK01#alt5,5,30,2450.0,3500.0,0.4346,0.0
DB01_to_DK01#alt5,5,31,2450.0,3450.0,0.3679,0.0
DB01_to_DK01#alt5,5,32,2500.0,3400.0,0.3114,0.0
DB01_to_DK01#alt5,5,33,2500.0,3350.0,0.3114,0.0
DB01_to_DK01#alt5,5,34,2500.0,3300.0,0.3114,0.0
DB01_to_DK01#alt5,5,35,2550.0,3250.0,0.2972,0.0
DB01_to_DK01#alt5,5,36,2550.0,3200.0,0.281,0.0
DB01_to_DK01#alt5,5,37,2550.0,3150.0,0.3006,0.0
DB01_to_DK01#alt5,5,38,2600.0,3100.0,0.281,0.0
DB01_to_DK01#alt5,5,39,2600.0,3050.0,0.3269,0.0
DB01_to_DK01#alt5,5,40,2650.0,3000.0,0.344,0.0
DB01_to_DK01#alt5,5,41,2650.0,2950.0,0.3895,0.0
DB01_to_DK01#alt5,5,42,2650.0,2900.0,0.4346,0.0
DB01_to_DK01#alt5,5,43,2700.0,2850.0,0.4346,0.0
DB01_to_DK01#alt5,5,44,2700.0,2800.0,0.4746,0.0
DB01_to_DK01#alt5,5,45,2750.0,2750.0,0.4275,0.0
DB01_to_DK01#alt5,5,46,2750.0,2700.0,0.4346,0.0
DB01_to_DK01#alt5,5,47,2750.0,2650.0,0.4746,0.0
DB01_to_DK01#alt5,5,48,2800.0,2600.0,0.4931,0.0
DB01_to_DK01#alt5,5,49,2800.0,2550.0,0.5483,0.0
DB01_to_DK01#alt5,5,50,2850.0,2500.0,0.5483,0.0
DB01_to_DK01#alt5,5,51,2850.0,2450.0,0.6241,0.0
DB01_to_DK01#alt5,5,52,2850.0,2400.0,0.6889,0.0
DB01_to_DK01#alt5,5,53,2900.0,2350.0,0.6241,0.0
DB01_to_DK01#alt5,5,54,2900.0,2300.0,0.6889,0.0
DB01_to_DK01#alt5,5,55,2900.0,2250.0,0.7165,0.0
DB01_to_DK01#alt5,5,56,2950.0,2200.0,0.6065,0.0
DB01_to_DK01#alt5,5,57,2950.0,2150.0,0.6065,0.0
DB01_to_DK01#alt5,5,58,3000.0,2100.0,0.5134,0.0
DB01_to_DK01#alt5,5,59,3000.0,2050.0,0.5134,0.0
DB01_to_DK01#alt5,5,60,3000.0,2000.0,0.5134,0.0
DB01_to_DK01#alt5,5,61,3050.0,1950.0,0.4346,0.0
DB01_to_DK01#alt5,5,62,3050.0,1900.0,0.4275,0.0
DB01_to_DK01#alt5,5,63,3100.0,1850.0,0.3485,0.0
DB01_to_DK01#alt5,5,64,3100.0,1800.0,0.3269,0.0
DB01_to_DK01#alt5,5,65,3100.0,1750.0,0.3269,0.0
DB01_to_DK01#alt5,5,66,3150.0,1700.0,0.344,0.0
DB01_to_DK01#alt5,5,67,3150.0,1650.0,0.3895,0.0
DB01_to_DK01#alt5,5,68,3200.0,1600.0,0.3784,0.0
DB01_to_DK01#alt5,5,69,3200.0,1550.0,0.4076,0.0
DB01_to_DK01#alt5,5,70,3200.0,1500.0,0.4275,0.0
DB01_to_DK01#alt5,5,71,3250.0,1450.0,0.3679,0.0
DB01_to_DK01#alt5,5,72,3250.0,1400.0,0.3679,0.0
DB01_to_DK01#alt5,5,73,3250.0,1350.0,0.3679,0.0
DB01_to_DK01#alt5,5,74,3300.0,1300.0,0.3114,0.0
DB01_to_DK01#alt5,5,75,3300.0,1250.0,0.3077,0.0
DB01_to_DK01#alt5,5,76,3350.0,1200.0,0.253,0.0
DB01_to_DK01#alt5,5,77,3350.0,1150.0,0.2407,0.0
DB01_to_DK01#alt5,5,78,3300.0,1150.0,0.281,0.0
DB01_to_DK01#alt5,5,79,3250.0,1100.0,0.3006,0.0
DB01_to_DK01#alt5,5,80,3200.0,1100.0,0.344,0.0
DB01_to_DK01#alt5,5,81,3150.0,1100.0,0.3895,0.0
DB01_to_DK01#alt5,5,82,3100.0,1100.0,0.4346,0.0
DB01_to_DK01#alt5,5,83,3050.0,1050.0,0.4346,0.0
DB01_to_DK01#alt5,5,84,3000.0,1050.0,0.4746,0.0
DB01_to_DK01#alt5,5,85,2950.0,1050.0,0.503,0.0
DB01_to_DK01#alt5,5,86,2900.0,1000.0,0.4346,0.0
DB01_to_DK01#alt5,5,87,2850.0,1000.0,0.4346,0.0
DB01_to_DK01#alt5,5,88,2800.0,1000.0,0.4275,0.0
DB01_to_DK01#alt5,5,89,2750.0,1000.0,0.4076,0.0
DB01_to_DK01#alt5,5,90,2700.0,950.0,0.3269,0.0
DB01_to_DK01#alt5,5,91,2650.0,950.0,0.3006,0.0
DB01_to_DK01#alt5,5,92,2600.0,950.0,0.2721,0.0
DB01_to_DK01#alt5,5,93,2550.0,950.0,0.2431,0.0
DB01_to_DK01#alt5,5,94,2500.0,900.0,0.1921,0.0
DB01_to_DK01#alt5,5,95,2450.0,900.0,0.17,0.0
DB01_to_DK01#alt5,5,96,2400.0,900.0,0.1517,0.0
DB01_to_DK01#alt5,5,97,2350.0,850.0,0.1199,0.0
DB01_to_DK01#alt5,5,98,2300.0,850.0,0.1062,0.0
DB01_to_DK01#alt5,5,99,2250.0,850.0,0.0936,0.0
DB01_to_DK01#alt5,5,100,2200.0,850.0,0.0821,0.0
DB01_to_DK01#alt5,5,101,2150.0,800.0,0.065,0.0
DB01_to_DK01#alt5,5,102,2100.0,800.0,0.0568,0.0
DB01_to_DK01#alt5,5,103,2050.0,800.0,0.0496,0.0
DB01_to_DK01#alt5,5,104,2000.0,750.0,0.0393,0.0
DB01_to_DK01#alt5,5,105,1950.0,750.0,0.0361,0.0
DB01_to_DK01#alt5,5,106,1900.0,750.0,0.0374,0.0
DB01_to_DK01#alt5,5,107,1850.0,750.0,0.0405,0.0
DB01_to_DK01#alt5,5,108,1800.0,700.0,0.0375,0.0
DB01_to_DK01#alt5,5,109,1750.0,700.0,0.04,0.0
DB01_to_DK01#alt5,5,110,1700.0,700.0,0.0423,0.0
DB01_to_DK01#alt5,5,111,1650.0,700.0,0.0498,0.0
DB01_to_DK01#alt5,5,112,1600.0,650.0,0.0588,0.0
DB01_to_DK01#alt5,5,113,1550.0,650.0,0.0695,0.0
DB01_to_DK01#alt5,5,114,1500.0,650.0,0.0821,0.0
DB01_to_DK01#alt5,5,115,1450.0,600.0,0.0964,0.0
DB01_to_DK01#alt5,5,116,1400.0,600.0,0.1138,0.0
DB01_to_DK01#alt5,5,117,1350.0,600.0,0.1344,0.0
DB01_to_DK01#alt5,5,118,1300.0,600.0,0.1587,0.0
DB01_to_DK01#alt5,5,119,1250.0,550.0,0.1827,0.0
DB01_to_DK01#alt5,5,120,1200.0,550.0,0.2151,0.0
DB01_to_DK01#alt6,6,0,1000.0,3900.0,0.7165,0.0
DB01_to_DK01#alt6,6,1,950.0,3900.0,0.6889,0.0
DB01_to_DK01#alt6,6,2,900.0,3850.0,0.6889,0.0
DB01_to_DK01#alt6,6,3,850.0,3850.0,0.6241,0.0
DB01_to_DK01#alt6,6,4,800.0,3800.0,0.5903,0.0
DB01_to_DK01#alt6,6,5,750.0,3800.0,0.503,0.0
DB01_to_DK01#alt6,6,6,700.0,3750.0,0.4746,0.0
DB01_to_DK01#alt6,6,7,650.0,3750.0,0.4076,0.0
DB01_to_DK01#alt6,6,8,600.0,3700.0,0.3628,0.0
DB01_to_DK01#alt6,6,9,550.0,3700.0,0.3077,0.0
DB01_to_DK01#alt6,6,10,500.0,3650.0,0.281,0.0
DB01_to_DK01#alt6,6,11,450.0,3650.0,0.2407,0.0
DB01_to_DK01#alt6,6,12,400.0,3600.0,0.2151,0.0
DB01_to_DK01#alt6,6,13,350.0,3600.0,0.1827,0.0
DB01_to_DK01#alt6,6,14,300.0,3550.0,0.1587,0.0
DB01_to_DK01#alt6,6,15,250.0,3550.0,0.1344,0.0
DB01_to_DK01#alt6,6,16,200.0,3500.0,0.1146,0.0
DB01_to_DK01#alt6,6,17,150.0,3500.0,0.097,0.0
DB01_to_DK01#alt6,6,18,100.0,3450.0,0.0816,0.0
DB01_to_DK01#alt6,6,19,50.0,3450.0,0.0691,0.0
DB01_to_DK01#alt6,6,20,50.0,3400.0,0.0681,0.0
DB01_to_DK01#alt6,6,21,100.0,3350.0,0.0781,0.0
DB01_to_DK01#alt6,6,22,100.0,3300.0,0.0752,0.0
DB01_to_DK01#alt6,6,23,150.0,3250.0,0.0839,0.0
DB01_to_DK01#alt6,6,24,150.0,3200.0,0.079,0.0
DB01_to_DK01#alt6,6,25,150.0,3150.0,0.0752,0.0
DB01_to_DK01#alt6,6,26,200.0,3100.0,0.0839,0.0
DB01_to_DK01#alt6,6,27,200.0,3050.0,0.079,0.0
DB01_to_DK01#alt6,6,28,250.0,3000.0,0.0854,0.0
DB01_to_DK01#alt6,6,29,250.0,2950.0,0.079,0.0
DB01_to_DK01#alt6,6,30,250.0,2900.0,0.0736,0.0
DB01_to_DK01#alt6,6,31,300.0,2850.0,0.0785,0.0
DB01_to_DK01#alt6,6,32,300.0,2800.0,0.0717,0.0
DB01_to_DK01#alt6,6,33,350.0,2750.0,0.074,0.0
DB01_to_DK01#alt6,6,34,350.0,2700.0,0.0663,0.0
DB01_to_DK01#alt6,6,35,350.0,2650.0,0.0591,0.0
DB01_to_DK01#alt6,6,36,400.0,2600.0,0.0591,0.0
DB01_to_DK01#alt6,6,37,400.0,2550.0,0.0524,0.0
DB01_to_DK01#alt6,6,38,450.0,2500.0,0.0514,0.0
DB01_to_DK01#alt6,6,39,450.0,2450.0,0.0514,0.0
DB01_to_DK01#alt6,6,40,450.0,2400.0,0.0585,0.0
DB01_to_DK01#alt6,6,41,500.0,2350.0,0.074,0.0
DB01_to_DK01#alt6,6,42,500.0,2300.0,0.0839,0.0
DB01_to_DK01#alt6,6,43,550.0,2250.0,0.1062,0.0
DB01_to_DK01#alt6,6,44,550.0,2200.0,0.1199,0.0
DB01_to_DK01#alt6,6,45,550.0,2150.0,0.1344,0.0
DB01_to_DK01#alt6,6,46,600.0,2100.0,0.17,0.0
DB01_to_DK01#alt6,6,47,600.0,2050.0,0.1921,0.0
DB01_to_DK01#alt6,6,48,600.0,2000.0,0.2151,0.0
DB01_to_DK01#alt6,6,49,650.0,1950.0,0.2721,0.0
DB01_to_DK01#alt6,6,50,650.0,1900.0,0.3077,0.0
DB01_to_DK01#alt6,6,51,700.0,1850.0,0.3895,0.0
DB01_to_DK01#alt6,6,52,700.0,1800.0,0.4346,0.0
DB01_to_DK01#alt6,6,53,700.0,1750.0,0.4746,0.0
DB01_to_DK01#alt6,6,54,750.0,1700.0,0.5903,0.0
DB01_to_DK01#alt6,6,55,750.0,1650.0,0.6065,0.0
DB01_to_DK01#alt6,6,56,800.0,1600.0,0.6889,0.0
DB01_to_DK01#alt6,6,57,800.0,1550.0,0.6241,0.0
DB01_to_DK01#alt6,6,58,800.0,1500.0,0.5903,0.0
DB01_to_DK01#alt6,6,59,850.0,1450.0,0.6241,0.0
DB01_to_DK01#alt6,6,60,850.0,1400.0,0.5483,0.0
DB01_to_DK01#alt6,6,61,900.0,1350.0,0.503,0.0
DB01_to_DK01#alt6,6,62,900.0,1300.0,0.4275,0.0
DB01_to_DK01#alt6,6,63,900.0,1250.0,0.3628,0.0
DB01_to_DK01#alt6,6,64,950.0,1200.0,0.3114,0.0
DB01_to_DK01#alt6,6,65,950.0,1150.0,0.2636,0.0
DB01_to_DK01#alt6,6,66,1000.0,1100.0,0.2231,0.0
DB01_to_DK01#alt6,6,67,1000.0,1050.0,0.2384,0.0
DB01_to_DK01#alt6,6,68,1000.0,1000.0,0.2721,0.0
DB01_to_DK01#alt6,6,69,1050.0,950.0,0.2721,0.0
DB01_to_DK01#alt6,6,70,1050.0,900.0,0.3006,0.0
DB01_to_DK01#alt6,6,71,1100.0,850.0,0.281,0.0
DB01_to_DK01#alt6,6,72,1100.0,800.0,0.2972,0.0
DB01_to_DK01#alt6,6,73,1100.0,750.0,0.3077,0.0
DB01_to_DK01#alt6,6,74,1150.0,700.0,0.2636,0.0
DB01_to_DK01#alt6,6,75,1150.0,650.0,0.2636,0.0
DB01_to_DK01#alt6,6,76,1200.0,600.0,0.2211,0.0
DB01_to_DK01#alt6,6,77,1200.0,550.0,0.2151,0.0
DB01_to_DK01#alt7,7,0,1000.0,3900.0,0.7165,0.0
DB01_to_DK01#alt7,7,1,950.0,3900.0,0.6889,0.0
DB01_to_DK01#alt7,7,2,900.0,3850.0,0.6889,0.0
DB01_to_DK01#alt7,7,3,850.0,3850.0,0.6241,0.0
DB01_to_DK01#alt7,7,4,800.0,3800.0,0.5903,0.0
DB01_to_DK01#alt7,7,5,750.0,3800.0,0.503,0.0
DB01_to_DK01#alt7,7,6,700.0,3750.0,0.4746,0.0
DB01_to_DK01#alt7,7,7,650.0,3750.0,0.4076,0.0
DB01_to_DK01#alt7,7,8,600.0,3700.0,0.3628,0.0
DB01_to_DK01#alt7,7,9,550.0,3700.0,0.3077,0.0
DB01_to_DK01#alt7,7,10,500.0,3700.0,0.2609,0.0
DB01_to_DK01#alt7,7,11,450.0,3650.0,0.2407,0.0
DB01_to_DK01#alt7,7,12,400.0,3650.0,0.2057,0.0
DB01_to_DK01#alt7,7,13,350.0,3600.0,0.1827,0.0
DB01_to_DK01#alt7,7,14,300.0,3600.0,0.1551,0.0
DB01_to_DK01#alt7,7,15,250.0,3550.0,0.1344,0.0
DB01_to_DK01#alt7,7,16,200.0,3550.0,0.1138,0.0
DB01_to_DK01#alt7,7,17,150.0,3500.0,0.097,0.0
DB01_to_DK01#alt7,7,18,100.0,3500.0,0.0821,0.0
DB01_to_DK01#alt7,7,19,100.0,3450.0,0.0816,0.0
DB01_to_DK01#alt7,7,20,150.0,3400.0,0.0947,0.0
DB01_to_DK01#alt7,7,21,150.0,3350.0,0.092,0.0
DB01_to_DK01#alt7,7,22,150.0,3300.0,0.0883,0.0
DB01_to_DK01#alt7,7,23,200.0,3250.0,0.0981,0.0
DB01_to_DK01#alt7,7,24,200.0,3200.0,0.092,0.0
DB01_to_DK01#alt7,7,25,250.0,3150.0,0.1036,0.0
DB01_to_DK01#alt7,7,26,250.0,3100.0,0.0981,0.0
DB01_to_DK01#alt7,7,27,250.0,3050.0,0.092,0.0
DB01_to_DK01#alt7,7,28,300.0,3000.0,0.0987,0.0
DB01_to_DK01#alt7,7,29,300.0,2950.0,0.092,0.0
DB01_to_DK01#alt7,7,30,300.0,2900.0,0.0854,0.0
DB01_to_DK01#alt7,7,31,350.0,2850.0,0.0904,0.0
DB01_to_DK01#alt7,7,32,350.0,2800.0,0.0821,0.0
DB01_to_DK01#alt7,7,33,400.0,2750.0,0.0839,0.0
DB01_to_DK01#alt7,7,34,400.0,2700.0,0.0748,0.0
DB01_to_DK01#alt7,7,35,400.0,2650.0,0.0663,0.0
DB01_to_DK01#alt7,7,36,450.0,2600.0,0.0663,0.0
DB01_to_DK01#alt7,7,37,450.0,2550.0,0.0585,0.0
DB01_to_DK01#alt7,7,38,450.0,2500.0,0.0514,0.0
DB01_to_DK01#alt7,7,39,500.0,2450.0,0.0568,0.0
DB01_to_DK01#alt7,7,40,500.0,2400.0,0.065,0.0
DB01_to_DK01#alt7,7,41,550.0,2350.0,0.0821,0.0
DB01_to_DK01#alt7,7,42,550.0,2300.0,0.0936,0.0
DB01_to_DK01#alt7,7,43,550.0,2250.0,0.1062,0.0
DB01_to_DK01#alt7,7,44,600.0,2200.0,0.1344,0.0
DB01_to_DK01#alt7,7,45,600.0,2150.0,0.1517,0.0
DB01_to_DK01#alt7,7,46,600.0,2100.0,0.17,0.0
DB01_to_DK01#alt7,7,47,650.0,2050.0,0.2151,0.0
DB01_to_DK01#alt7,7,48,650.0,2000.0,0.2431,0.0
DB01_to_DK01#alt7,7,49,700.0,1950.0,0.3077,0.0
DB01_to_DK01#alt7,7,50,700.0,1900.0,0.344,0.0
DB01_to_DK01#alt7,7,51,700.0,1850.0,0.3895,0.0
DB01_to_DK01#alt7,7,52,750.0,1800.0,0.4931,0.0
DB01_to_DK01#alt7,7,53,750.0,1750.0,0.5483,0.0
DB01_to_DK01#alt7,7,54,750.0,1700.0,0.5903,0.0
DB01_to_DK01#alt7,7,55,800.0,1650.0,0.7165,0.0
DB01_to_DK01#alt7,7,56,800.0,1600.0,0.6889,0.0
DB01_to_DK01#alt7,7,57,850.0,1550.0,0.7165,0.0
DB01_to_DK01#alt7,7,58,850.0,1500.0,0.6889,0.0
DB01_to_DK01#alt7,7,59,850.0,1450.0,0.6241,0.0
DB01_to_DK01#alt7,7,60,900.0,1400.0,0.5903,0.0
DB01_to_DK01#alt7,7,61,900.0,1350.0,0.503,0.0
DB01_to_DK01#alt7,7,62,900.0,1300.0,0.4275,0.0
DB01_to_DK01#alt7,7,63,950.0,1250.0,0.3679,0.0
DB01_to_DK01#alt7,7,64,950.0,1200.0,0.3114,0.0
DB01_to_DK01#alt7,7,65,1000.0,1150.0,0.2636,0.0
DB01_to_DK01#alt7,7,66,1000.0,1100.0,0.2231,0.0
DB01_to_DK01#alt7,7,67,1000.0,1050.0,0.2384,0.0
DB01_to_DK01#alt7,7,68,1050.0,1000.0,0.2431,0.0
DB01_to_DK01#alt7,7,69,1050.0,950.0,0.2721,0.0
DB01_to_DK01#alt7,7,70,1050.0,900.0,0.3006,0.0
DB01_to_DK01#alt7,7,71,1100.0,850.0,0.281,0.0
DB01_to_DK01#alt7,7,72,1100.0,800.0,0.2972,0.0
DB01_to_DK01#alt7,7,73,1150.0,750.0,0.2609,0.0
DB01_to_DK01#alt7,7,74,1150.0,700.0,0.2636,0.0
DB01_to_DK01#alt7,7,75,1150.0,650.0,0.2636,0.0
DB01_to_DK01#alt7,7,76,1200.0,600.0,0.2211,0.0
DB01_to_DK01#alt7,7,77,1200.0,550.0,0.2151,0.0
DB01_to_DK04#alt0,0,0,1000.0,3900.0,0.7165,0.0
DB01_to_DK04#alt0,0,1,950.0,3900.0,0.6889,0.0
DB01_to_DK04#alt0,0,2,900.0,3850.0,0.6889,0.0
DB01_to_DK04#alt0,0,3,850.0,3850.0,0.6241,0.0
DB01_to_DK04#alt0,0,4,800.0,3800.0,0.5903,0.0
DB01_to_DK04#alt0,0,5,750.0,3800.0,0.503,0.0
DB01_to_DK04#alt0,0,6,700.0,3800.0,0.4346,0.0
DB01_to_DK04#alt0,0,7,650.0,3750.0,0.4076,0.0
DB01_to_DK04#alt0,0,8,600.0,3750.0,0.3485,0.0
DB01_to_DK04#alt0,0,9,550.0,3700.0,0.3077,0.0
DB01_to_DK04#alt0,0,10,500.0,3700.0,0.2609,0.0
DB01_to_DK04#alt0,0,11,450.0,3650.0,0.2407,0.0
DB01_to_DK04#alt0,0,12,400.0,3650.0,0.2057,0.0
DB01_to_DK04#alt0,0,13,450.0,3600.0,0.253,0.0
DB01_to_DK04#alt0,0,14,500.0,3550.0,0.3077,0.0
DB01_to_DK04#alt0,0,15,550.0,3500.0,0.3679,0.0
DB01_to_DK04#alt0,0,16,600.0,3450.0,0.4275,0.0
DB01_to_DK04#alt0,0,17,650.0,3400.0,0.4746,0.0
DB01_to_DK04#alt0,0,18,700.0,3350.0,0.5134,0.0
DB01_to_DK04#alt0,0,19,750.0,3300.0,0.5903,0.0
DB01_to_DK04#alt0,0,20,800.0,3250.0,0.6241,0.0
DB01_to_DK04#alt0,0,21,850.0,3200.0,0.6889,0.0
DB01_to_DK04#alt0,0,22,900.0,3150.0,0.6889,0.0
DB01_to_DK04#alt0,0,23,950.0,3100.0,0.6889,0.0
DB01_to_DK04#alt0,0,24,1000.0,3050.0,0.6241,0.0
DB01_to_DK04#alt0,0,25,1050.0,3000.0,0.5903,0.0
DB01_to_DK04#alt0,0,26,1100.0,2950.0,0.5134,0.0
DB01_to_DK04#alt0,0,27,1150.0,2900.0,0.4746,0.0
DB01_to_DK04#alt0,0,28,1200.0,2850.0,0.4275,0.0
DB01_to_DK04#alt0,0,29,1250.0,2850.0,0.4346,0.0
DB01_to_DK04#alt0,0,30,1300.0,2850.0,0.4275,0.0
DB01_to_DK04#alt0,0,31,1350.0,2850.0,0.4076,0.0
DB01_to_DK04#alt0,0,32,1400.0,2800.0,0.503,0.0
DB01_to_DK04#alt0,0,33,1450.0,2800.0,0.5134,0.0
DB01_to_DK04#alt0,0,34,1500.0,2800.0,0.5134,0.0
DB01_to_DK04#alt1,1,0,1000.0,3900.0,0.7165,0.0
DB01_to_DK04#alt1,1,1,950.0,3900.0,0.6889,0.0
DB01_to_DK04#alt1,1,2,900.0,3850.0,0.6889,0.0
DB01_to_DK04#alt1,1,3,850.0,3850.0,0.6241,0.0
DB01_to_DK04#alt1,1,4,800.0,3800.0,0.5903,0.0
DB01_to_DK04#alt1,1,5,750.0,3800.0,0.503,0.0
DB01_to_DK04#alt1,1,6,700.0,3750.0,0.4746,0.0
DB01_to_DK04#alt1,1,7,650.0,3750.0,0.4076,0.0
DB01_to_DK04#alt1,1,8,600.0,3750.0,0.3485,0.0
DB01_to_DK04#alt1,1,9,550.0,3700.0,0.3077,0.0
DB01_to_DK04#alt1,1,10,500.0,3700.0,0.2609,0.0
DB01_to_DK04#alt1,1,11,450.0,3650.0,0.2407,0.0
DB01_to_DK04#alt1,1,12,400.0,3650.0,0.2057,0.0
DB01_to_DK04#alt1,1,13,350.0,3600.0,0.1827,0.0
DB01_to_DK04#alt1,1,14,300.0,3600.0,0.1551,0.0
DB01_to_DK04#alt1,1,15,350.0,3550.0,0.1873,0.0
DB01_to_DK04#alt1,1,16,400.0,3500.0,0.2231,0.0
DB01_to_DK04#alt1,1,17,450.0,3500.0,0.2636,0.0
DB01_to_DK04#alt1,1,18,500.0,3450.0,0.3077,0.0
DB01_to_DK04#alt1,1,19,550.0,3400.0,0.3485,0.0
DB01_to_DK04#alt1,1,20,600.0,3350.0,0.3784,0.0
DB01_to_DK04#alt1,1,21,650.0,3350.0,0.4346,0.0
DB01_to_DK04#alt1,1,22,700.0,3300.0,0.503,0.0
DB01_to_DK04#alt1,1,23,750.0,3250.0,0.5483,0.0
DB01_to_DK04#alt1,1,24,800.0,3200.0,0.5903,0.0
DB01_to_DK04#alt1,1,25,850.0,3150.0,0.6241,0.0
DB01_to_DK04#alt1,1,26,900.0,3150.0,0.6889,0.0
DB01_to_DK04#alt1,1,27,950.0,3100.0,0.6889,0.0
DB01_to_DK04#alt1,1,28,1000.0,3050.0,0.6241,0.0
DB01_to_DK04#alt1,1,29,1050.0,3000.0,0.5903,0.0
DB01_to_DK04#alt1,1,30,1100.0,2950.0,0.5134,0.0
DB01_to_DK04#alt1,1,31,1150.0,2950.0,0.5483,0.0
DB01_to_DK04#alt1,1,32,1200.0,2900.0,0.503,0.0
DB01_to_DK04#alt1,1,33,1250.0,2850.0,0.4346,0.0
DB01_to_DK04#alt1,1,34,1300.0,2800.0,0.4346,0.0
DB01_to_DK04#alt1,1,35,1350.0,2800.0,0.4746,0.0
DB01_to_DK04#alt1,1,36,1400.0,2750.0,0.5903,0.0
DB01_to_DK04#alt1,1,37,1450.0,2700.0,0.7165,0.0
DB01_to_DK04#alt1,1,38,1450.0,2750.0,0.6065,0.0
DB01_to_DK04#alt1,1,39,1500.0,2800.0,0.5134,0.0
DB01_to_DK04#alt2,2,0,1000.0,3900.0,0.7165,0.0
DB01_to_DK04#alt2,2,1,950.0,3900.0,0.6889,0.0
DB01_to_DK04#alt2,2,2,900.0,3850.0,0.6889,0.0
DB01_to_DK04#alt2,2,3,850.0,3850.0,0.6241,0.0
DB01_to_DK04#alt2,2,4,800.0,3800.0,0.5903,0.0
DB01_to_DK04#alt2,2,5,750.0,3800.0,0.503,0.0
DB01_to_DK04#alt2,2,6,700.0,3750.0,0.4746,0.0
DB01_to_DK04#alt2,2,7,650.0,3750.0,0.4076,0.0
DB01_to_DK04#alt2,2,8,600.0,3750.0,0.3485,0.0
DB01_to_DK04#alt2,2,9,550.0,3700.0,0.3077,0.0
DB01_to_DK04#alt2,2,10,500.0,3700.0,0.2609,0.0
DB01_to_DK04#alt2,2,11,450.0,3650.0,0.2407,0.0
DB01_to_DK04#alt2,2,12,400.0,3650.0,0.2057,0.0
DB01_to_DK04#alt2,2,13,350.0,3600.0,0.1827,0.0
DB01_to_DK04#alt2,2,14,300.0,3600.0,0.1551,0.0
DB01_to_DK04#alt2,2,15,250.0,3550.0,0.1344,0.0
DB01_to_DK04#alt2,2,16,200.0,3550.0,0.1138,0.0
DB01_to_DK04#alt2,2,17,250.0,3500.0,0.1353,0.0
DB01_to_DK04#alt2,2,18,300.0,3500.0,0.1599,0.0
DB01_to_DK04#alt2,2,19,350.0,3450.0,0.1873,0.0
DB01_to_DK04#alt2,2,20,400.0,3450.0,0.2211,0.0
DB01_to_DK04#alt2,2,21,450.0,3400.0,0.253,0.0
DB01_to_DK04#alt2,2,22,500.0,3400.0,0.2972,0.0
DB01_to_DK04#alt2,2,23,550.0,3350.0,0.3269,0.0
DB01_to_DK04#alt2,2,24,600.0,3300.0,0.3628,0.0
DB01_to_DK04#alt2,2,25,650.0,3300.0,0.4275,0.0
DB01_to_DK04#alt2,2,26,700.0,3250.0,0.4746,0.0
DB01_to_DK04#alt2,2,27,750.0,3250.0,0.5483,0.0
DB01_to_DK04#alt2,2,28,800.0,3200.0,0.5903,0.0
DB01_to_DK04#alt2,2,29,850.0,3200.0,0.6889,0.0
DB01_to_DK04#alt2,2,30,900.0,3150.0,0.6889,0.0
DB01_to_DK04#alt2,2,31,950.0,3100.0,0.6889,0.0
DB01_to_DK04#alt2,2,32,1000.0,3100.0,0.7165,0.0
DB01_to_DK04#alt2,2,33,1050.0,3050.0,0.6889,0.0
DB01_to_DK04#alt2,2,34,1100.0,3050.0,0.7165,0.0
DB01_to_DK04#alt2,2,35,1150.0,3000.0,0.6241,0.0
DB01_to_DK04#alt2,2,36,1200.0,2950.0,0.5903,0.0
DB01_to_DK04#alt2,2,37,1250.0,2950.0,0.6065,0.0
DB01_to_DK04#alt2,2,38,1300.0,2900.0,0.503,0.0
DB01_to_DK04#alt2,2,39,1350.0,2900.0,0.4746,0.0
DB01_to_DK04#alt2,2,40,1400.0,2850.0,0.4275,0.0
DB01_to_DK04#alt2,2,41,1450.0,2850.0,0.4346,0.0
DB01_to_DK04#alt2,2,42,1500.0,2800.0,0.5134,0.0
DB01_to_DK04#alt3,3,0,1000.0,3900.0,0.7165,0.0
DB01_to_DK04#alt3,3,1,950.0,3900.0,0.6889,0.0
DB01_to_DK04#alt3,3,2,900.0,3850.0,0.6889,0.0
DB01_to_DK04#alt3,3,3,850.0,3850.0,0.6241,0.0
DB01_to_DK04#alt3,3,4,800.0,3800.0,0.5903,0.0
DB01_to_DK04#alt3,3,5,750.0,3800.0,0.503,0.0
DB01_to_DK04#alt3,3,6,700.0,3750.0,0.4746,0.0
DB01_to_DK04#alt3,3,7,650.0,3750.0,0.4076,0.0
DB01_to_DK04#alt3,3,8,600.0,3700.0,0.3628,0.0
DB01_to_DK04#alt3,3,9,550.0,3700.0,0.3077,0.0
DB01_to_DK04#alt3,3,10,500.0,3700.0,0.2609,0.0
DB01_to_DK04#alt3,3,11,450.0,3650.0,0.2407,0.0
DB01_to_DK04#alt3,3,12,400.0,3650.0,0.2057,0.0
DB01_to_DK04#alt3,3,13,350.0,3600.0,0.1827,0.0
DB01_to_DK04#alt3,3,14,300.0,3600.0,0.1551,0.0
DB01_to_DK04#alt3,3,15,250.0,3550.0,0.1344,0.0
DB01_to_DK04#alt3,3,16,200.0,3550.0,0.1138,0.0
DB01_to_DK04#alt3,3,17,150.0,3500.0,0.097,0.0
DB01_to_DK04#alt3,3,18,100.0,3500.0,0.0821,0.0
DB01_to_DK04#alt3,3,19,150.0,3500.0,0.097,0.0
DB01_to_DK04#alt3,3,20,200.0,3450.0,0.1138,0.0
DB01_to_DK04#alt3,3,21,250.0,3450.0,0.1344,0.0
DB01_to_DK04#alt3,3,22,300.0,3400.0,0.1551,0.0
DB01_to_DK04#alt3,3,23,350.0,3400.0,0.1827,0.0
DB01_to_DK04#alt3,3,24,400.0,3350.0,0.2057,0.0
DB01_to_DK04#alt3,3,25,450.0,3350.0,0.2407,0.0
DB01_to_DK04#alt3,3,26,500.0,3300.0,0.2609,0.0
DB01_to_DK04#alt3,3,27,550.0,3300.0,0.3077,0.0
DB01_to_DK04#alt3,3,28,600.0,3250.0,0.3485,0.0
DB01_to_DK04#alt3,3,29,650.0,3250.0,0.4076,0.0
DB01_to_DK04#alt3,3,30,700.0,3200.0,0.4346,0.0
DB01_to_DK04#alt3,3,31,750.0,3200.0,0.503,0.0
DB01_to_DK04#alt3,3,32,800.0,3150.0,0.5483,0.0
DB01_to_DK04#alt3,3,33,850.0,3150.0,0.6241,0.0
DB01_to_DK04#alt3,3,34,900.0,3100.0,0.6241,0.0
DB01_to_DK04#alt3,3,35,950.0,3100.0,0.6889,0.0
DB01_to_DK04#alt3,3,36,1000.0,3050.0,0.6241,0.0
DB01_to_DK04#alt3,3,37,1050.0,3050.0,0.6889,0.0
DB01_to_DK04#alt3,3,38,1100.0,3000.0,0.6065,0.0
DB01_to_DK04#alt3,3,39,1150.0,3000.0,0.6241,0.0
DB01_to_DK04#alt3,3,40,1200.0,2950.0,0.5903,0.0
DB01_to_DK04#alt3,3,41,1250.0,2950.0,0.6065,0.0
DB01_to_DK04#alt3,3,42,1300.0,2900.0,0.503,0.0
DB01_to_DK04#alt3,3,43,1350.0,2900.0,0.4746,0.0
DB01_to_DK04#alt3,3,44,1400.0,2850.0,0.4275,0.0
DB01_to_DK04#alt3,3,45,1450.0,2850.0,0.4346,0.0
DB01_to_DK04#alt3,3,46,1500.0,2800.0,0.5134,0.0
DB01_to_DK04#alt4,4,0,1000.0,3900.0,0.7165,0.0
DB01_to_DK04#alt4,4,1,950.0,3900.0,0.6889,0.0
DB01_to_DK04#alt4,4,2,900.0,3850.0,0.6889,0.0
DB01_to_DK04#alt4,4,3,850.0,3850.0,0.6241,0.0
DB01_to_DK04#alt4,4,4,800.0,3800.0,0.5903,0.0
DB01_to_DK04#alt4,4,5,750.0,3800.0,0.503,0.0
DB01_to_DK04#alt4,4,6,700.0,3750.0,0.4746,0.0
DB01_to_DK04#alt4,4,7,650.0,3750.0,0.4076,0.0
DB01_to_DK04#alt4,4,8,600.0,3700.0,0.3628,0.0
DB01_to_DK04#alt4,4,9,550.0,3700.0,0.3077,0.0
DB01_to_DK04#alt4,4,10,500.0,3700.0,0.2609,0.0
DB01_to_DK04#alt4,4,11,450.0,3650.0,0.2407,0.0
DB01_to_DK04#alt4,4,12,400.0,3650.0,0.2057,0.0
DB01_to_DK04#alt4,4,13,350.0,3600.0,0.1827,0.0
DB01_to_DK04#alt4,4,14,300.0,3600.0,0.1551,0.0
DB01_to_DK04#alt4,4,15,250.0,3550.0,0.1344,0.0
DB01_to_DK04#alt4,4,16,200.0,3550.0,0.1138,0.0
DB01_to_DK04#alt4,4,17,150.0,3500.0,0.097,0.0
DB01_to_DK04#alt4,4,18,100.0,3500.0,0.0821,0.0
DB01_to_DK04#alt4,4,19,150.0,3500.0,0.097,0.0
DB01_to_DK04#alt4,4,20,200.0,3450.0,0.1138,0.0
DB01_to_DK04#alt4,4,21,250.0,3450.0,0.1344,0.0
DB01_to_DK04#alt4,4,22,300.0,3400.0,0.1551,0.0
DB01_to_DK04#alt4,4,23,350.0,3400.0,0.1827,0.0
DB01_to_DK04#alt4,4,24,400.0,3350.0,0.2057,0.0
DB01_to_DK04#alt4,4,25,450.0,3350.0,0.2407,0.0
DB01_to_DK04#alt4,4,26,500.0,3300.0,0.2609,0.0
DB01_to_DK04#alt4,4,27,550.0,3300.0,0.3077,0.0
DB01_to_DK04#alt4,4,28,600.0,3250.0,0.3485,0.0
DB01_to_DK04#alt4,4,29,650.0,3250.0,0.4076,0.0
DB01_to_DK04#alt4,4,30,700.0,3200.0,0.4346,0.0
DB01_to_DK04#alt4,4,31,750.0,3200.0,0.503,0.0
DB01_to_DK04#alt4,4,32,800.0,3150.0,0.5483,0.0
DB01_to_DK04#alt4,4,33,850.0,3150.0,0.6241,0.0
DB01_to_DK04#alt4,4,34,900.0,3100.0,0.6241,0.0
DB01_to_DK04#alt4,4,35,950.0,3100.0,0.6889,0.0
DB01_to_DK04#alt4,4,36,1000.0,3050.0,0.6241,0.0
DB01_to_DK04#alt4,4,37,1050.0,3050.0,0.6889,0.0
DB01_to_DK04#alt4,4,38,1100.0,3000.0,0.6065,0.0
DB01_to_DK04#alt4,4,39,1150.0,3000.0,0.6241,0.0
DB01_to_DK04#alt4,4,40,1200.0,2950.0,0.5903,0.0
DB01_to_DK04#alt4,4,41,1250.0,2950.0,0.6065,0.0
DB01_to_DK04#alt4,4,42,1300.0,2900.0,0.503,0.0
DB01_to_DK04#alt4,4,43,1350.0,2900.0,0.4746,0.0
DB01_to_DK04#alt4,4,44,1400.0,2850.0,0.4275,0.0
DB01_to_DK04#alt4,4,45,1450.0,2850.0,0.4346,0.0
DB01_to_DK04#alt4,4,46,1500.0,2800.0,0.5134,0.0
DB01_to_DK04#alt5,5,0,1000.0,3900.0,0.7165,0.0
DB01_to_DK04#alt5,5,1,950.0,3900.0,0.6889,0.0
DB01_to_DK04#alt5,5,2,900.0,3850.0,0.6889,0.0
DB01_to_DK04#alt5,5,3,850.0,3850.0,0.6241,0.0
DB01_to_DK04#alt5,5,4,800.0,3800.0,0.5903,0.0
DB01_to_DK04#alt5,5,5,750.0,3800.0,0.503,0.0
DB01_to_DK04#alt5,5,6,700.0,3750.0,0.4746,0.0
DB01_to_DK04#alt5,5,7,650.0,3750.0,0.4076,0.0
DB01_to_DK04#alt5,5,8,600.0,3700.0,0.3628,0.0
DB01_to_DK04#alt5,5,9,550.0,3700.0,0.3077,0.0
DB01_to_DK04#alt5,5,10,500.0,3700.0,0.2609,0.0
DB01_to_DK04#alt5,5,11,450.0,3650.0,0.2407,0.0
DB01_to_DK04#alt5,5,12,400.0,3650.0,0.2057,0.0
DB01_to_DK04#alt5,5,13,350.0,3600.0,0.1827,0.0
DB01_to_DK04#alt5,5,14,300.0,3600.0,0.1551,0.0
DB01_to_DK04#alt5,5,15,250.0,3550.0,0.1344,0.0
DB01_to_DK04#alt5,5,16,200.0,3550.0,0.1138,0.0
DB01_to_DK04#alt5,5,17,150.0,3500.0,0.097,0.0
DB01_to_DK04#alt5,5,18,100.0,3500.0,0.0821,0.0
DB01_to_DK04#alt5,5,19,150.0,3500.0,0.097,0.0
DB01_to_DK04#alt5,5,20,200.0,3450.0,0.1138,0.0
DB01_to_DK04#alt5,5,21,250.0,3450.0,0.1344,0.0
DB01_to_DK04#alt5,5,22,300.0,3400.0,0.1551,0.0
DB01_to_DK04#alt5,5,23,350.0,3400.0,0.1827,0.0
DB01_to_DK04#alt5,5,24,400.0,3350.0,0.2057,0.0
DB01_to_DK04#alt5,5,25,450.0,3350.0,0.2407,0.0
DB01_to_DK04#alt5,5,26,500.0,3300.0,0.2609,0.0
DB01_to_DK04#alt5,5,27,550.0,3300.0,0.3077,0.0
DB01_to_DK04#alt5,5,28,600.0,3250.0,0.3485,0.0
DB01_to_DK04#alt5,5,29,650.0,3250.0,0.4076,0.0
DB01_to_DK04#alt5,5,30,700.0,3200.0,0.4346,0.0
DB01_to_DK04#alt5,5,31,750.0,3200.0,0.503,0.0
DB01_to_DK04#alt5,5,32,800.0,3150.0,0.5483,0.0
DB01_to_DK04#alt5,5,33,850.0,3150.0,0.6241,0.0
DB01_to_DK04#alt5,5,34,900.0,3100.0,0.6241,0.0
DB01_to_DK04#alt5,5,35,950.0,3100.0,0.6889,0.0
DB01_to_DK04#alt5,5,36,1000.0,3050.0,0.6241,0.0
DB01_to_DK04#alt5,5,37,1050.0,3050.0,0.6889,0.0
DB01_to_DK04#alt5,5,38,1100.0,3000.0,0.6065,0.0
DB01_to_DK04#alt5,5,39,1150.0,3000.0,0.6241,0.0
DB01_to_DK04#alt5,5,40,1200.0,2950.0,0.5903,0.0
DB01_to_DK04#alt5,5,41,1250.0,2950.0,0.6065,0.0
DB01_to_DK04#alt5,5,42,1300.0,2900.0,0.503,0.0
DB01_to_DK04#alt5,5,43,1350.0,2900.0,0.4746,0.0
DB01_to_DK04#alt5,5,44,1400.0,2850.0,0.4275,0.0
DB01_to_DK04#alt5,5,45,1450.0,2850.0,0.4346,0.0
DB01_to_DK04#alt5,5,46,1500.0,2800.0,0.5134,0.0
DB01_to_DK04#alt6,6,0,1000.0,3900.0,0.7165,0.0
DB01_to_DK04#alt6,6,1,1000.0,3950.0,0.6241,0.0
DB01_to_DK04#alt6,6,2,1000.0,4000.0,0.5483,0.0
DB01_to_DK04#alt6,6,3,1000.0,4050.0,0.4746,0.0
DB01_to_DK04#alt6,6,4,1000.0,4100.0,0.5483,0.0
DB01_to_DK04#alt6,6,5,1000.0,4150.0,0.6241,0.0
DB01_to_DK04#alt6,6,6,1050.0,4200.0,0.6241,0.0
DB01_to_DK04#alt6,6,7,1050.0,4250.0,0.6889,0.0
DB01_to_DK04#alt6,6,8,1050.0,4300.0,0.7165,0.0
DB01_to_DK04#alt6,6,9,1050.0,4350.0,0.7165,0.0
DB01_to_DK04#alt6,6,10,1050.0,4400.0,0.6889,0.0
DB01_to_DK04#alt6,6,11,1100.0,4450.0,0.6241,0.0
DB01_to_DK04#alt6,6,12,1150.0,4500.0,0.6889,0.0
DB01_to_DK04#alt6,6,13,1200.0,4550.0,0.6889,0.0
DB01_to_DK04#alt6,6,14,1250.0,4550.0,0.7165,0.0
DB01_to_DK04#alt6,6,15,1300.0,4600.0,0.6065,0.0
DB01_to_DK04#alt6,6,16,1350.0,4650.0,0.5134,0.0
DB01_to_DK04#alt6,6,17,1400.0,4700.0,0.4346,0.0
DB01_to_DK04#alt6,6,18,1450.0,4750.0,0.3679,0.0
DB01_to_DK04#alt6,6,19,1500.0,4800.0,0.3114,0.0
DB01_to_DK04#alt6,6,20,1550.0,4800.0,0.3485,0.0
DB01_to_DK04#alt6,6,21,1600.0,4850.0,0.3784,0.0
DB01_to_DK04#alt6,6,22,1650.0,4900.0,0.3895,0.0
DB01_to_DK04#alt6,6,23,1700.0,4950.0,0.3895,0.0
DB01_to_DK04#alt6,6,24,1750.0,4950.0,0.4346,0.0
DB01_to_DK04#alt6,6,25,1800.0,4950.0,0.4931,0.0
DB01_to_DK04#alt6,6,26,1850.0,4950.0,0.5483,0.0
DB01_to_DK04#alt6,6,27,1900.0,4950.0,0.6241,0.0
DB01_to_DK04#alt6,6,28,1950.0,4950.0,0.6889,0.0
DB01_to_DK04#alt6,6,29,2000.0,4950.0,0.7165,0.0
DB01_to_DK04#alt6,6,30,2050.0,4950.0,0.7165,0.0
DB01_to_DK04#alt6,6,31,2100.0,4950.0,0.6889,0.0
DB01_to_DK04#alt6,6,32,2150.0,4950.0,0.6241,0.0
DB01_to_DK04#alt6,6,33,2200.0,4950.0,0.5903,0.0
DB01_to_DK04#alt6,6,34,2250.0,4950.0,0.5483,0.0
DB01_to_DK04#alt6,6,35,2300.0,4950.0,0.4931,0.0
DB01_to_DK04#alt6,6,36,2300.0,4900.0,0.5483,0.0
DB01_to_DK04#alt6,6,37,2350.0,4850.0,0.5483,0.0
DB01_to_DK04#alt6,6,38,2350.0,4800.0,0.5903,0.0
DB01_to_DK04#alt6,6,39,2350.0,4750.0,0.6065,0.0
DB01_to_DK04#alt6,6,40,2400.0,4700.0,0.5134,0.0
DB01_to_DK04#alt6,6,41,2400.0,4650.0,0.5134,0.0
DB01_to_DK04#alt6,6,42,2400.0,4600.0,0.5134,0.0
DB01_to_DK04#alt6,6,43,2400.0,4550.0,0.503,0.0
DB01_to_DK04#alt6,6,44,2450.0,4500.0,0.4076,0.0
DB01_to_DK04#alt6,6,45,2450.0,4450.0,0.3784,0.0
DB01_to_DK04#alt6,6,46,2450.0,4400.0,0.344,0.0
DB01_to_DK04#alt6,6,47,2500.0,4350.0,0.4076,0.0
DB01_to_DK04#alt6,6,48,2500.0,4300.0,0.4275,0.0
DB01_to_DK04#alt6,6,49,2500.0,4250.0,0.4346,0.0
DB01_to_DK04#alt6,6,50,2550.0,4200.0,0.5134,0.0
DB01_to_DK04#alt6,6,51,2550.0,4150.0,0.5134,0.0
DB01_to_DK04#alt6,6,52,2550.0,4100.0,0.503,0.0
DB01_to_DK04#alt6,6,53,2600.0,4050.0,0.5483,0.0
DB01_to_DK04#alt6,6,54,2600.0,4000.0,0.5483,0.0
DB01_to_DK04#alt6,6,55,2600.0,3950.0,0.6241,0.0
DB01_to_DK04#alt6,6,56,2650.0,3900.0,0.5903,0.0
DB01_to_DK04#alt6,6,57,2650.0,3850.0,0.6065,0.0
DB01_to_DK04#alt6,6,58,2650.0,3800.0,0.6065,0.0
DB01_to_DK04#alt6,6,59,2650.0,3750.0,0.6065,0.0
DB01_to_DK04#alt6,6,60,2700.0,3700.0,0.503,0.0
DB01_to_DK04#alt6,6,61,2700.0,3650.0,0.4746,0.0
DB01_to_DK04#alt6,6,62,2700.0,3600.0,0.4746,0.0
DB01_to_DK04#alt6,6,63,2750.0,3550.0,0.5903,0.0
DB01_to_DK04#alt6,6,64,2750.0,3500.0,0.6065,0.0
DB01_to_DK04#alt6,6,65,2750.0,3450.0,0.6065,0.0
DB01_to_DK04#alt6,6,66,2800.0,3400.0,0.7165,0.0
DB01_to_DK04#alt6,6,67,2800.0,3350.0,0.7165,0.0
DB01_to_DK04#alt6,6,68,2800.0,3300.0,0.6889,0.0
DB01_to_DK04#alt6,6,69,2850.0,3250.0,0.6889,0.0
DB01_to_DK04#alt6,6,70,2850.0,3200.0,0.6241,0.0
DB01_to_DK04#alt6,6,71,2850.0,3150.0,0.5483,0.0
DB01_to_DK04#alt6,6,72,2900.0,3100.0,0.503,0.0
DB01_to_DK04#alt6,6,73,2900.0,3050.0,0.4275,0.0
DB01_to_DK04#alt6,6,74,2900.0,3000.0,0.4076,0.0
DB01_to_DK04#alt6,6,75,2900.0,2950.0,0.3784,0.0
DB01_to_DK04#alt6,6,76,2950.0,2900.0,0.3895,0.0
DB01_to_DK04#alt6,6,77,2950.0,2850.0,0.344,0.0
DB01_to_DK04#alt6,6,78,2950.0,2800.0,0.3077,0.0
DB01_to_DK04#alt6,6,79,3000.0,2750.0,0.3077,0.0
DB01_to_DK04#alt6,6,80,3000.0,2700.0,0.2721,0.0
DB01_to_DK04#alt6,6,81,3000.0,2650.0,0.2721,0.0
DB01_to_DK04#alt6,6,82,3000.0,2600.0,0.3077,0.0
DB01_to_DK04#alt6,6,83,3000.0,2550.0,0.344,0.0
DB01_to_DK04#alt6,6,84,3000.0,2500.0,0.3784,0.0
DB01_to_DK04#alt6,6,85,3000.0,2450.0,0.4076,0.0
DB01_to_DK04#alt6,6,86,3000.0,2400.0,0.4346,0.0
DB01_to_DK04#alt6,6,87,3000.0,2350.0,0.4746,0.0
DB01_to_DK04#alt6,6,88,3000.0,2300.0,0.503,0.0
DB01_to_DK04#alt6,6,89,3000.0,2250.0,0.5134,0.0
DB01_to_DK04#alt6,6,90,3000.0,2200.0,0.5134,0.0
DB01_to_DK04#alt6,6,91,3000.0,2150.0,0.5134,0.0
DB01_to_DK04#alt6,6,92,3000.0,2100.0,0.5134,0.0
DB01_to_DK04#alt6,6,93,3000.0,2050.0,0.5134,0.0
DB01_to_DK04#alt6,6,94,3000.0,2000.0,0.5134,0.0
DB01_to_DK04#alt6,6,95,3050.0,1950.0,0.4346,0.0
DB01_to_DK04#alt6,6,96,3050.0,1900.0,0.4275,0.0
DB01_to_DK04#alt6,6,97,3050.0,1850.0,0.4076,0.0
DB01_to_DK04#alt6,6,98,3050.0,1800.0,0.3784,0.0
DB01_to_DK04#alt6,6,99,3050.0,1750.0,0.3485,0.0
DB01_to_DK04#alt6,6,100,3050.0,1700.0,0.4076,0.0
DB01_to_DK04#alt6,6,101,3050.0,1650.0,0.4746,0.0
DB01_to_DK04#alt6,6,102,3050.0,1600.0,0.5483,0.0
DB01_to_DK04#alt6,6,103,3050.0,1550.0,0.6241,0.0
DB01_to_DK04#alt6,6,104,3050.0,1500.0,0.6889,0.0
DB01_to_DK04#alt6,6,105,3050.0,1450.0,0.7165,0.0
DB01_to_DK04#alt6,6,106,3050.0,1400.0,0.7165,0.0
DB01_to_DK04#alt6,6,107,3050.0,1350.0,0.7165,0.0
DB01_to_DK04#alt6,6,108,3050.0,1300.0,0.7165,0.0
DB01_to_DK04#alt6,6,109,3050.0,1250.0,0.6889,0.0
DB01_to_DK04#alt6,6,110,3000.0,1200.0,0.6889,0.0
DB01_to_DK04#alt6,6,111,2950.0,1150.0,0.6889,0.0
DB01_to_DK04#alt6,6,112,2900.0,1150.0,0.7165,0.0
DB01_to_DK04#alt6,6,113,2850.0,1150.0,0.7165,0.0
DB01_to_DK04#alt6,6,114,2800.0,1150.0,0.6889,0.0
DB01_to_DK04#alt6,6,115,2750.0,1200.0,0.6889,0.0
DB01_to_DK04#alt6,6,116,2700.0,1200.0,0.6241,0.0
DB01_to_DK04#alt6,6,117,2650.0,1200.0,0.5483,0.0
DB01_to_DK04#alt6,6,118,2600.0,1200.0,0.4746,0.0
DB01_to_DK04#alt6,6,119,2550.0,1200.0,0.4076,0.0
DB01_to_DK04#alt6,6,120,2500.0,1200.0,0.3485,0.0
DB01_to_DK04#alt6,6,121,2450.0,1200.0,0.2972,0.0
DB01_to_DK04#alt6,6,122,2400.0,1250.0,0.2609,0.0
DB01_to_DK04#alt6,6,123,2350.0,1250.0,0.2231,0.0
DB01_to_DK04#alt6,6,124,2300.0,1250.0,0.2231,0.0
DB01_to_DK04#alt6,6,125,2250.0,1250.0,0.2231,0.0
DB01_to_DK04#alt6,6,126,2200.0,1300.0,0.2609,0.0
DB01_to_DK04#alt6,6,127,2200.0,1350.0,0.3077,0.0
DB01_to_DK04#alt6,6,128,2150.0,1400.0,0.3485,0.0
DB01_to_DK04#alt6,6,129,2150.0,1450.0,0.4076,0.0
DB01_to_DK04#alt6,6,130,2100.0,1500.0,0.4346,0.0
DB01_to_DK04#alt6,6,131,2100.0,1550.0,0.503,0.0
DB01_to_DK04#alt6,6,132,2050.0,1600.0,0.5483,0.0
DB01_to_DK04#alt6,6,133,2050.0,1650.0,0.6241,0.0
DB01_to_DK04#alt6,6,134,2000.0,1700.0,0.6241,0.0
DB01_to_DK04#alt6,6,135,2000.0,1750.0,0.6889,0.0
DB01_to_DK04#alt6,6,136,1950.0,1800.0,0.6889,0.0
DB01_to_DK04#alt6,6,137,1950.0,1850.0,0.7165,0.0
DB01_to_DK04#alt6,6,138,1900.0,1900.0,0.6889,0.0
DB01_to_DK04#alt6,6,139,1900.0,1950.0,0.7165,0.0
DB01_to_DK04#alt6,6,140,1850.0,2000.0,0.6065,0.0
DB01_to_DK04#alt6,6,141,1850.0,2050.0,0.6065,0.0
DB01_to_DK04#alt6,6,142,1800.0,2100.0,0.5134,0.0
DB01_to_DK04#alt6,6,143,1800.0,2150.0,0.5134,0.0
DB01_to_DK04#alt6,6,144,1800.0,2200.0,0.5134,0.0
DB01_to_DK04#alt6,6,145,1800.0,2250.0,0.5483,0.0
DB01_to_DK04#alt6,6,146,1800.0,2300.0,0.5903,0.0
DB01_to_DK04#alt6,6,147,1800.0,2350.0,0.6241,0.0
DB01_to_DK04#alt6,6,148,1800.0,2400.0,0.6889,0.0
DB01_to_DK04#alt6,6,149,1800.0,2450.0,0.7165,0.0
DB01_to_DK04#alt6,6,150,1800.0,2500.0,0.7165,0.0
DB01_to_DK04#alt6,6,151,1800.0,2550.0,0.6889,0.0
DB01_to_DK04#alt6,6,152,1800.0,2600.0,0.6241,0.0
DB01_to_DK04#alt6,6,153,1750.0,2650.0,0.6241,0.0
DB01_to_DK04#alt6,6,154,1700.0,2650.0,0.6889,0.0
DB01_to_DK04#alt6,6,155,1650.0,2700.0,0.6889,0.0
DB01_to_DK04#alt6,6,156,1600.0,2750.0,0.6065,0.0
DB01_to_DK04#alt6,6,157,1550.0,2750.0,0.6065,0.0
DB01_to_DK04#alt6,6,158,1500.0,2800.0,0.5134,0.0
DB01_to_DK04#alt7,7,0,1000.0,3900.0,0.7165,0.0
DB01_to_DK04#alt7,7,1,950.0,3900.0,0.6889,0.0
DB01_to_DK04#alt7,7,2,900.0,3850.0,0.6889,0.0
DB01_to_DK04#alt7,7,3,850.0,3850.0,0.6241,0.0
DB01_to_DK04#alt7,7,4,800.0,3800.0,0.5903,0.0
DB01_to_DK04#alt7,7,5,750.0,3800.0,0.503,0.0
DB01_to_DK04#alt7,7,6,700.0,3750.0,0.4746,0.0
DB01_to_DK04#alt7,7,7,650.0,3750.0,0.4076,0.0
DB01_to_DK04#alt7,7,8,600.0,3700.0,0.3628,0.0
DB01_to_DK04#alt7,7,9,550.0,3700.0,0.3077,0.0
DB01_to_DK04#alt7,7,10,500.0,3700.0,0.2609,0.0
DB01_to_DK04#alt7,7,11,450.0,3650.0,0.2407,0.0
DB01_to_DK04#alt7,7,12,400.0,3650.0,0.2057,0.0
DB01_to_DK04#alt7,7,13,350.0,3600.0,0.1827,0.0
DB01_to_DK04#alt7,7,14,300.0,3600.0,0.1551,0.0
DB01_to_DK04#alt7,7,15,250.0,3550.0,0.1344,0.0
DB01_to_DK04#alt7,7,16,200.0,3550.0,0.1138,0.0
DB01_to_DK04#alt7,7,17,150.0,3500.0,0.097,0.0
DB01_to_DK04#alt7,7,18,100.0,3500.0,0.0821,0.0
DB01_to_DK04#alt7,7,19,150.0,3500.0,0.097,0.0
DB01_to_DK04#alt7,7,20,200.0,3450.0,0.1138,0.0
DB01_to_DK04#alt7,7,21,250.0,3450.0,0.1344,0.0
DB01_to_DK04#alt7,7,22,300.0,3400.0,0.1551,0.0
DB01_to_DK04#alt7,7,23,350.0,3400.0,0.1827,0.0
DB01_to_DK04#alt7,7,24,400.0,3350.0,0.2057,0.0
DB01_to_DK04#alt7,7,25,450.0,3350.0,0.2407,0.0
DB01_to_DK04#alt7,7,26,500.0,3300.0,0.2609,0.0
DB01_to_DK04#alt7,7,27,550.0,3300.0,0.3077,0.0
DB01_to_DK04#alt7,7,28,600.0,3250.0,0.3485,0.0
DB01_to_DK04#alt7,7,29,650.0,3250.0,0.4076,0.0
DB01_to_DK04#alt7,7,30,700.0,3200.0,0.4346,0.0
DB01_to_DK04#alt7,7,31,750.0,3200.0,0.503,0.0
DB01_to_DK04#alt7,7,32,800.0,3150.0,0.5483,0.0
DB01_to_DK04#alt7,7,33,850.0,3150.0,0.6241,0.0
DB01_to_DK04#alt7,7,34,900.0,3100.0,0.6241,0.0
DB01_to_DK04#alt7,7,35,950.0,3100.0,0.6889,0.0
DB01_to_DK04#alt7,7,36,1000.0,3050.0,0.6241,0.0
DB01_to_DK04#alt7,7,37,1050.0,3050.0,0.6889,0.0
DB01_to_DK04#alt7,7,38,1100.0,3000.0,0.6065,0.0
DB01_to_DK04#alt7,7,39,1150.0,3000.0,0.6241,0.0
DB01_to_DK04#alt7,7,40,1200.0,2950.0,0.5903,0.0
DB01_to_DK04#alt7,7,41,1250.0,2950.0,0.6065,0.0
DB01_to_DK04#alt7,7,42,1300.0,2900.0,0.503,0.0
DB01_to_DK04#alt7,7,43,1350.0,2900.0,0.4746,0.0
DB01_to_DK04#alt7,7,44,1400.0,2850.0,0.4275,0.0
DB01_to_DK04#alt7,7,45,1450.0,2850.0,0.4346,0.0
DB01_to_DK04#alt7,7,46,1500.0,2800.0,0.5134,0.0
DB02_to_DK01#alt0,0,0,1800.0,1100.0,0.1183,0.0
DB02_to_DK01#alt0,0,1,1750.0,1050.0,0.1138,0.0
DB02_to_DK01#alt0,0,2,1700.0,1000.0,0.1069,0.0
DB02_to_DK01#alt0,0,3,1650.0,950.0,0.0981,0.0
DB02_to_DK01#alt0,0,4,1600.0,900.0,0.0883,0.0
DB02_to_DK01#alt0,0,5,1550.0,850.0,0.0781,0.0
DB02_to_DK01#alt0,0,6,1500.0,850.0,0.0803,0.0
DB02_to_DK01#alt0,0,7,1450.0,800.0,0.0947,0.0
DB02_to_DK01#alt0,0,8,1400.0,750.0,0.1138,0.0
DB02_to_DK01#alt0,0,9,1350.0,700.0,0.1353,0.0
DB02_to_DK01#alt0,0,10,1300.0,650.0,0.1599,0.0
DB02_to_DK01#alt0,0,11,1250.0,600.0,0.1873,0.0
DB02_to_DK01#alt0,0,12,1200.0,550.0,0.2151,0.0
DB02_to_DK01#alt1,1,0,1800.0,1100.0,0.1183,0.0
DB02_to_DK01#alt1,1,1,1750.0,1050.0,0.1138,0.0
DB02_to_DK01#alt1,1,2,1700.0,1000.0,0.1069,0.0
DB02_to_DK01#alt1,1,3,1650.0,950.0,0.0981,0.0
DB02_to_DK01#alt1,1,4,1600.0,900.0,0.0883,0.0
DB02_to_DK01#alt1,1,5,1550.0,850.0,0.0781,0.0
DB02_to_DK01#alt1,1,6,1500.0,850.0,0.0803,0.0
DB02_to_DK01#alt1,1,7,1450.0,800.0,0.0947,0.0
DB02_to_DK01#alt1,1,8,1400.0,750.0,0.1138,0.0
DB02_to_DK01#alt1,1,9,1350.0,700.0,0.1353,0.0
DB02_to_DK01#alt1,1,10,1300.0,650.0,0.1599,0.0
DB02_to_DK01#alt1,1,11,1250.0,600.0,0.1873,0.0
DB02_to_DK01#alt1,1,12,1200.0,550.0,0.2151,0.0
DB02_to_DK01#alt2,2,0,1800.0,1100.0,0.1183,0.0
DB02_to_DK01#alt2,2,1,1750.0,1050.0,0.1138,0.0
DB02_to_DK01#alt2,2,2,1700.0,1000.0,0.1069,0.0
DB02_to_DK01#alt2,2,3,1650.0,950.0,0.0981,0.0
DB02_to_DK01#alt2,2,4,1600.0,900.0,0.0883,0.0
DB02_to_DK01#alt2,2,5,1550.0,850.0,0.0781,0.0
DB02_to_DK01#alt2,2,6,1500.0,850.0,0.0803,0.0
DB02_to_DK01#alt2,2,7,1450.0,800.0,0.0947,0.0
DB02_to_DK01#alt2,2,8,1400.0,750.0,0.1138,0.0
DB02_to_DK01#alt2,2,9,1350.0,700.0,0.1353,0.0
DB02_to_DK01#alt2,2,10,1300.0,650.0,0.1599,0.0
DB02_to_DK01#alt2,2,11,1250.0,600.0,0.1873,0.0
DB02_to_DK01#alt2,2,12,1200.0,550.0,0.2151,0.0
DB02_to_DK01#alt3,3,0,1800.0,1100.0,0.1183,0.0
DB02_to_DK01#alt3,3,1,1750.0,1050.0,0.1138,0.0
DB02_to_DK01#alt3,3,2,1700.0,1000.0,0.1069,0.0
DB02_to_DK01#alt3,3,3,1650.0,950.0,0.0981,0.0
DB02_to_DK01#alt3,3,4,1600.0,900.0,0.0883,0.0
DB02_to_DK01#alt3,3,5,1550.0,850.0,0.0781,0.0
DB02_to_DK01#alt3,3,6,1500.0,850.0,0.0803,0.0
DB02_to_DK01#alt3,3,7,1450.0,800.0,0.0947,0.0
DB02_to_DK01#alt3,3,8,1400.0,750.0,0.1138,0.0
DB02_to_DK01#alt3,3,9,1350.0,700.0,0.1353,0.0
DB02_to_DK01#alt3,3,10,1300.0,650.0,0.1599,0.0
DB02_to_DK01#alt3,3,11,1250.0,600.0,0.1873,0.0
DB02_to_DK01#alt3,3,12,1200.0,550.0,0.2151,0.0
DB02_to_DK01#alt4,4,0,1800.0,1100.0,0.1183,0.0
DB02_to_DK01#alt4,4,1,1750.0,1050.0,0.1138,0.0
DB02_to_DK01#alt4,4,2,1700.0,1000.0,0.1069,0.0
DB02_to_DK01#alt4,4,3,1650.0,950.0,0.0981,0.0
DB02_to_DK01#alt4,4,4,1600.0,900.0,0.0883,0.0
DB02_to_DK01#alt4,4,5,1550.0,850.0,0.0781,0.0
DB02_to_DK01#alt4,4,6,1500.0,850.0,0.0803,0.0
DB02_to_DK01#alt4,4,7,1450.0,800.0,0.0947,0.0
DB02_to_DK01#alt4,4,8,1400.0,750.0,0.1138,0.0
DB02_to_DK01#alt4,4,9,1350.0,700.0,0.1353,0.0
DB02_to_DK01#alt4,4,10,1300.0,650.0,0.1599,0.0
DB02_to_DK01#alt4,4,11,1250.0,600.0,0.1873,0.0
DB02_to_DK01#alt4,4,12,1200.0,550.0,0.2151,0.0
DB02_to_DK01#alt5,5,0,1800.0,1100.0,0.1183,0.0
DB02_to_DK01#alt5,5,1,1750.0,1050.0,0.1138,0.0
DB02_to_DK01#alt5,5,2,1700.0,1000.0,0.1069,0.0
DB02_to_DK01#alt5,5,3,1650.0,950.0,0.0981,0.0
DB02_to_DK01#alt5,5,4,1600.0,900.0,0.0883,0.0
DB02_to_DK01#alt5,5,5,1550.0,850.0,0.0781,0.0
DB02_to_DK01#alt5,5,6,1500.0,850.0,0.0803,0.0
DB02_to_DK01#alt5,5,7,1450.0,800.0,0.0947,0.0
DB02_to_DK01#alt5,5,8,1400.0,750.0,0.1138,0.0
DB02_to_DK01#alt5,5,9,1350.0,700.0,0.1353,0.0
DB02_to_DK01#alt5,5,10,1300.0,650.0,0.1599,0.0
DB02_to_DK01#alt5,5,11,1250.0,600.0,0.1873,0.0
DB02_to_DK01#alt5,5,12,1200.0,550.0,0.2151,0.0
DB02_to_DK01#alt6,6,0,1800.0,1100.0,0.1183,0.0
DB02_to_DK01#alt6,6,1,1750.0,1050.0,0.1138,0.0
DB02_to_DK01#alt6,6,2,1700.0,1000.0,0.1069,0.0
DB02_to_DK01#alt6,6,3,1650.0,950.0,0.0981,0.0
DB02_to_DK01#alt6,6,4,1600.0,900.0,0.0883,0.0
DB02_to_DK01#alt6,6,5,1550.0,850.0,0.0781,0.0
DB02_to_DK01#alt6,6,6,1500.0,850.0,0.0803,0.0
DB02_to_DK01#alt6,6,7,1450.0,800.0,0.0947,0.0
DB02_to_DK01#alt6,6,8,1400.0,750.0,0.1138,0.0
DB02_to_DK01#alt6,6,9,1350.0,700.0,0.1353,0.0
DB02_to_DK01#alt6,6,10,1300.0,650.0,0.1599,0.0
DB02_to_DK01#alt6,6,11,1250.0,600.0,0.1873,0.0
DB02_to_DK01#alt6,6,12,1200.0,550.0,0.2151,0.0
DB02_to_DK01#alt7,7,0,1800.0,1100.0,0.1183,0.0
DB02_to_DK01#alt7,7,1,1750.0,1050.0,0.1138,0.0
DB02_to_DK01#alt7,7,2,1700.0,1000.0,0.1069,0.0
DB02_to_DK01#alt7,7,3,1650.0,950.0,0.0981,0.0
DB02_to_DK01#alt7,7,4,1600.0,900.0,0.0883,0.0
DB02_to_DK01#alt7,7,5,1550.0,850.0,0.0781,0.0
DB02_to_DK01#alt7,7,6,1500.0,850.0,0.0803,0.0
DB02_to_DK01#alt7,7,7,1450.0,800.0,0.0947,0.0
DB02_to_DK01#alt7,7,8,1400.0,750.0,0.1138,0.0
DB02_to_DK01#alt7,7,9,1350.0,700.0,0.1353,0.0
DB02_to_DK01#alt7,7,10,1300.0,650.0,0.1599,0.0
DB02_to_DK01#alt7,7,11,1250.0,600.0,0.1873,0.0
DB02_to_DK01#alt7,7,12,1200.0,550.0,0.2151,0.0
DB02_to_DK02#alt0,0,0,1800.0,1100.0,0.1183,0.0
DB02_to_DK02#alt0,0,1,1850.0,1100.0,0.1062,0.0
DB02_to_DK02#alt0,0,2,1900.0,1100.0,0.0987,0.0
DB02_to_DK02#alt0,0,3,1950.0,1100.0,0.1069,0.0
DB02_to_DK02#alt0,0,4,2000.0,1100.0,0.1146,0.0
DB02_to_DK02#alt0,0,5,2050.0,1100.0,0.1215,0.0
DB02_to_DK02#alt0,0,6,2100.0,1100.0,0.1273,0.0
DB02_to_DK02#alt0,0,7,2150.0,1100.0,0.1317,0.0
DB02_to_DK02#alt0,0,8,2200.0,1100.0,0.1344,0.0
DB02_to_DK02#alt0,0,9,2250.0,1150.0,0.1599,0.0
DB02_to_DK02#alt0,0,10,2300.0,1150.0,0.1755,0.0
DB02_to_DK02#alt0,0,11,2350.0,1150.0,0.2057,0.0
DB02_to_DK02#alt0,0,12,2400.0,1150.0,0.2407,0.0
DB02_to_DK02#alt0,0,13,2450.0,1150.0,0.281,0.0
DB02_to_DK02#alt0,0,14,2500.0,1150.0,0.3269,0.0
DB02_to_DK02#alt0,0,15,2550.0,1150.0,0.3784,0.0
DB02_to_DK02#alt0,0,16,2600.0,1150.0,0.4346,0.0
DB02_to_DK02#alt0,0,17,2650.0,1150.0,0.4931,0.0
DB02_to_DK02#alt0,0,18,2700.0,1150.0,0.5483,0.0
DB02_to_DK02#alt0,0,19,2750.0,1150.0,0.6241,0.0
DB02_to_DK02#alt0,0,20,2800.0,1150.0,0.6889,0.0
DB02_to_DK02#alt0,0,21,2850.0,1150.0,0.7165,0.0
DB02_to_DK02#alt0,0,22,2900.0,1150.0,0.7165,0.0
DB02_to_DK02#alt0,0,23,2950.0,1150.0,0.6889,0.0
DB02_to_DK02#alt0,0,24,3000.0,1150.0,0.6241,0.0
DB02_to_DK02#alt0,0,25,3050.0,1200.0,0.6241,0.0
DB02_to_DK02#alt0,0,26,3100.0,1200.0,0.5483,0.0
DB02_to_DK02#alt0,0,27,3150.0,1200.0,0.4746,0.0
DB02_to_DK02#alt0,0,28,3200.0,1200.0,0.4076,0.0
DB02_to_DK02#alt0,0,29,3250.0,1200.0,0.3485,0.0
DB02_to_DK02#alt0,0,30,3300.0,1200.0,0.2972,0.0
DB02_to_DK02#alt0,0,31,3350.0,1200.0,0.253,0.0
DB02_to_DK02#alt0,0,32,3400.0,1200.0,0.2151,0.0
DB02_to_DK02#alt0,0,33,3450.0,1200.0,0.1937,0.0
DB02_to_DK02#alt0,0,34,3450.0,1250.0,0.1873,0.0
DB02_to_DK02#alt0,0,35,3500.0,1300.0,0.1599,0.0
DB02_to_DK02#alt0,0,36,3500.0,1350.0,0.1599,0.0
DB02_to_DK02#alt0,0,37,3500.0,1400.0,0.1599,0.0
DB02_to_DK02#alt0,0,38,3550.0,1450.0,0.1353,0.0
DB02_to_DK02#alt0,0,39,3550.0,1500.0,0.1344,0.0
DB02_to_DK02#alt0,0,40,3550.0,1550.0,0.1317,0.0
DB02_to_DK02#alt0,0,41,3600.0,1600.0,0.1082,0.0
DB02_to_DK02#alt0,0,42,3600.0,1650.0,0.1117,0.0
DB02_to_DK02#alt0,0,43,3600.0,1700.0,0.1138,0.0
DB02_to_DK02#alt0,0,44,3600.0,1750.0,0.1146,0.0
DB02_to_DK02#alt0,0,45,3650.0,1800.0,0.1353,0.0
DB02_to_DK02#alt0,0,46,3650.0,1850.0,0.1344,0.0
DB02_to_DK02#alt0,0,47,3650.0,1900.0,0.1317,0.0
DB02_to_DK02#alt0,0,48,3700.0,1950.0,0.1495,0.0
DB02_to_DK02#alt0,0,49,3700.0,2000.0,0.1422,0.0
DB02_to_DK02#alt0,0,50,3700.0,2050.0,0.1335,0.0
DB02_to_DK02#alt0,0,51,3750.0,2100.0,0.1432,0.0
DB02_to_DK02#alt0,0,52,3750.0,2150.0,0.1432,0.0
DB02_to_DK02#alt1,1,0,1800.0,1100.0,0.1183,0.0
DB02_to_DK02#alt1,1,1,1850.0,1100.0,0.1062,0.0
DB02_to_DK02#alt1,1,2,1900.0,1100.0,0.0987,0.0
DB02_to_DK02#alt1,1,3,1950.0,1100.0,0.1069,0.0
DB02_to_DK02#alt1,1,4,2000.0,1100.0,0.1146,0.0
DB02_to_DK02#alt1,1,5,2050.0,1100.0,0.1215,0.0
DB02_to_DK02#alt1,1,6,2100.0,1100.0,0.1273,0.0
DB02_to_DK02#alt1,1,7,2150.0,1100.0,0.1317,0.0
DB02_to_DK02#alt1,1,8,2200.0,1100.0,0.1344,0.0
DB02_to_DK02#alt1,1,9,2250.0,1150.0,0.1599,0.0
DB02_to_DK02#alt1,1,10,2300.0,1150.0,0.1755,0.0
DB02_to_DK02#alt1,1,11,2350.0,1150.0,0.2057,0.0
DB02_to_DK02#alt1,1,12,2400.0,1150.0,0.2407,0.0
DB02_to_DK02#alt1,1,13,2450.0,1150.0,0.281,0.0
DB02_to_DK02#alt1,1,14,2500.0,1150.0,0.3269,0.0
DB02_to_DK02#alt1,1,15,2550.0,1150.0,0.3784,0.0
DB02_to_DK02#alt1,1,16,2600.0,1150.0,0.4346,0.0
DB02_to_DK02#alt1,1,17,2650.0,1150.0,0.4931,0.0
DB02_to_DK02#alt1,1,18,2700.0,1150.0,0.5483,0.0
DB02_to_DK02#alt1,1,19,2750.0,1150.0,0.6241,0.0
DB02_to_DK02#alt1,1,20,2800.0,1150.0,0.6889,0.0
DB02_to_DK02#alt1,1,21,2850.0,1150.0,0.7165,0.0
DB02_to_DK02#alt1,1,22,2900.0,1150.0,0.7165,0.0
DB02_to_DK02#alt1,1,23,2950.0,1150.0,0.6889,0.0
DB02_to_DK02#alt1,1,24,3000.0,1150.0,0.6241,0.0
DB02_to_DK02#alt1,1,25,3050.0,1150.0,0.5483,0.0
DB02_to_DK02#alt1,1,26,3100.0,1150.0,0.4931,0.0
DB02_to_DK02#alt1,1,27,3150.0,1200.0,0.4746,0.0
DB02_to_DK02#alt1,1,28,3200.0,1200.0,0.4076,0.0
DB02_to_DK02#alt1,1,29,3250.0,1200.0,0.3485,0.0
DB02_to_DK02#alt1,1,30,3300.0,1200.0,0.2972,0.0
DB02_to_DK02#alt1,1,31,3350.0,1200.0,0.253,0.0
DB02_to_DK02#alt1,1,32,3400.0,1200.0,0.2151,0.0
DB02_to_DK02#alt1,1,33,3450.0,1200.0,0.1937,0.0
DB02_to_DK02#alt1,1,34,3500.0,1200.0,0.2057,0.0
DB02_to_DK02#alt1,1,35,3550.0,1200.0,0.2151,0.0
DB02_to_DK02#alt1,1,36,3550.0,1250.0,0.1827,0.0
DB02_to_DK02#alt1,1,37,3550.0,1300.0,0.1551,0.0
DB02_to_DK02#alt1,1,38,3600.0,1350.0,0.1344,0.0
DB02_to_DK02#alt1,1,39,3600.0,1400.0,0.1146,0.0
DB02_to_DK02#alt1,1,40,3600.0,1450.0,0.1146,0.0
DB02_to_DK02#alt1,1,41,3600.0,1500.0,0.1138,0.0
DB02_to_DK02#alt1,1,42,3600.0,1550.0,0.1117,0.0
DB02_to_DK02#alt1,1,43,3650.0,1600.0,0.1273,0.0
DB02_to_DK02#alt1,1,44,3650.0,1650.0,0.1317,0.0
DB02_to_DK02#alt1,1,45,3650.0,1700.0,0.1344,0.0
DB02_to_DK02#alt1,1,46,3650.0,1750.0,0.1353,0.0
DB02_to_DK02#alt1,1,47,3700.0,1800.0,0.1599,0.0
DB02_to_DK02#alt1,1,48,3700.0,1850.0,0.1587,0.0
DB02_to_DK02#alt1,1,49,3700.0,1900.0,0.1551,0.0
DB02_to_DK02#alt1,1,50,3700.0,1950.0,0.1495,0.0
DB02_to_DK02#alt1,1,51,3700.0,2000.0,0.1422,0.0
DB02_to_DK02#alt1,1,52,3750.0,2050.0,0.1551,0.0
DB02_to_DK02#alt1,1,53,3750.0,2100.0,0.1432,0.0
DB02_to_DK02#alt1,1,54,3750.0,2150.0,0.1432,0.0
DB02_to_DK02#alt2,2,0,1800.0,1100.0,0.1183,0.0
DB02_to_DK02#alt2,2,1,1850.0,1100.0,0.1062,0.0
DB02_to_DK02#alt2,2,2,1900.0,1100.0,0.0987,0.0
DB02_to_DK02#alt2,2,3,1950.0,1100.0,0.1069,0.0
DB02_to_DK02#alt2,2,4,2000.0,1100.0,0.1146,0.0
DB02_to_DK02#alt2,2,5,2050.0,1100.0,0.1215,0.0
DB02_to_DK02#alt2,2,6,2100.0,1100.0,0.1273,0.0
DB02_to_DK02#alt2,2,7,2150.0,1100.0,0.1317,0.0
DB02_to_DK02#alt2,2,8,2200.0,1100.0,0.1344,0.0
DB02_to_DK02#alt2,2,9,2250.0,1100.0,0.1422,0.0
DB02_to_DK02#alt2,2,10,2300.0,1150.0,0.1755,0.0
DB02_to_DK02#alt2,2,11,2350.0,1150.0,0.2057,0.0
DB02_to_DK02#alt2,2,12,2400.0,1150.0,0.2407,0.0
DB02_to_DK02#alt2,2,13,2450.0,1150.0,0.281,0.0
DB02_to_DK02#alt2,2,14,2500.0,1150.0,0.3269,0.0
DB02_to_DK02#alt2,2,15,2550.0,1150.0,0.3784,0.0
DB02_to_DK02#alt2,2,16,2600.0,1150.0,0.4346,0.0
DB02_to_DK02#alt2,2,17,2650.0,1150.0,0.4931,0.0
DB02_to_DK02#alt2,2,18,2700.0,1150.0,0.5483,0.0
DB02_to_DK02#alt2,2,19,2750.0,1150.0,0.6241,0.0
DB02_to_DK02#alt2,2,20,2800.0,1150.0,0.6889,0.0
DB02_to_DK02#alt2,2,21,2850.0,1150.0,0.7165,0.0
DB02_to_DK02#alt2,2,22,2900.0,1150.0,0.7165,0.0
DB02_to_DK02#alt2,2,23,2950.0,1150.0,0.6889,0.0
DB02_to_DK02#alt2,2,24,3000.0,1150.0,0.6241,0.0
DB02_to_DK02#alt2,2,25,3050.0,1150.0,0.5483,0.0
DB02_to_DK02#alt2,2,26,3100.0,1150.0,0.4931,0.0
DB02_to_DK02#alt2,2,27,3150.0,1150.0,0.4346,0.0
DB02_to_DK02#alt2,2,28,3200.0,1200.0,0.4076,0.0
DB02_to_DK02#alt2,2,29,3250.0,1200.0,0.3485,0.0
DB02_to_DK02#alt2,2,30,3300.0,1200.0,0.2972,0.0
DB02_to_DK02#alt2,2,31,3350.0,1200.0,0.253,0.0
DB02_to_DK02#alt2,2,32,3400.0,1200.0,0.2151,0.0
DB02_to_DK02#alt2,2,33,3450.0,1200.0,0.1937,0.0
DB02_to_DK02#alt2,2,34,3500.0,1200.0,0.2057,0.0
DB02_to_DK02#alt2,2,35,3550.0,1200.0,0.2151,0.0
DB02_to_DK02#alt2,2,36,3600.0,1200.0,0.2211,0.0
DB02_to_DK02#alt2,2,37,3650.0,1200.0,0.2231,0.0
DB02_to_DK02#alt2,2,38,3650.0,1250.0,0.1889,0.0
DB02_to_DK02#alt2,2,39,3650.0,1300.0,0.1599,0.0
DB02_to_DK02#alt2,2,40,3650.0,1350.0,0.1353,0.0
DB02_to_DK02#alt2,2,41,3650.0,1400.0,0.1146,0.0
DB02_to_DK02#alt2,2,42,3700.0,1450.0,0.1239,0.0
DB02_to_DK02#alt2,2,43,3700.0,1500.0,0.1335,0.0
DB02_to_DK02#alt2,2,44,3700.0,1550.0,0.1422,0.0
DB02_to_DK02#alt2,2,45,3700.0,1600.0,0.1495,0.0
DB02_to_DK02#alt2,2,46,3700.0,1650.0,0.1551,0.0
DB02_to_DK02#alt2,2,47,3700.0,1700.0,0.1587,0.0
DB02_to_DK02#alt2,2,48,3700.0,1750.0,0.1599,0.0
DB02_to_DK02#alt2,2,49,3700.0,1800.0,0.1599,0.0
DB02_to_DK02#alt2,2,50,3700.0,1850.0,0.1587,0.0
DB02_to_DK02#alt2,2,51,3700.0,1900.0,0.1551,0.0
DB02_to_DK02#alt2,2,52,3750.0,1950.0,0.1755,0.0
DB02_to_DK02#alt2,2,53,3750.0,2000.0,0.1661,0.0
DB02_to_DK02#alt2,2,54,3750.0,2050.0,0.1551,0.0
DB02_to_DK02#alt2,2,55,3750.0,2100.0,0.1432,0.0
DB02_to_DK02#alt2,2,56,3750.0,2150.0,0.1432,0.0
DB02_to_DK02#alt3,3,0,1800.0,1100.0,0.1183,0.0
DB02_to_DK02#alt3,3,1,1850.0,1100.0,0.1062,0.0
DB02_to_DK02#alt3,3,2,1900.0,1100.0,0.0987,0.0
DB02_to_DK02#alt3,3,3,1950.0,1100.0,0.1069,0.0
DB02_to_DK02#alt3,3,4,2000.0,1100.0,0.1146,0.0
DB02_to_DK02#alt3,3,5,2050.0,1100.0,0.1215,0.0
DB02_to_DK02#alt3,3,6,2100.0,1100.0,0.1273,0.0
DB02_to_DK02#alt3,3,7,2150.0,1100.0,0.1317,0.0
DB02_to_DK02#alt3,3,8,2200.0,1100.0,0.1344,0.0
DB02_to_DK02#alt3,3,9,2250.0,1100.0,0.1422,0.0
DB02_to_DK02#alt3,3,10,2300.0,1150.0,0.1755,0.0
DB02_to_DK02#alt3,3,11,2350.0,1150.0,0.2057,0.0
DB02_to_DK02#alt3,3,12,2400.0,1150.0,0.2407,0.0
DB02_to_DK02#alt3,3,13,2450.0,1150.0,0.281,0.0
DB02_to_DK02#alt3,3,14,2500.0,1150.0,0.3269,0.0
DB02_to_DK02#alt3,3,15,2550.0,1150.0,0.3784,0.0
DB02_to_DK02#alt3,3,16,2600.0,1150.0,0.4346,0.0
DB02_to_DK02#alt3,3,17,2650.0,1150.0,0.4931,0.0
DB02_to_DK02#alt3,3,18,2700.0,1150.0,0.5483,0.0
DB02_to_DK02#alt3,3,19,2750.0,1150.0,0.6241,0.0
DB02_to_DK02#alt3,3,20,2800.0,1150.0,0.6889,0.0
DB02_to_DK02#alt3,3,21,2850.0,1150.0,0.7165,0.0
DB02_to_DK02#alt3,3,22,2900.0,1150.0,0.7165,0.0
DB02_to_DK02#alt3,3,23,2950.0,1150.0,0.6889,0.0
DB02_to_DK02#alt3,3,24,3000.0,1150.0,0.6241,0.0
DB02_to_DK02#alt3,3,25,3050.0,1150.0,0.5483,0.0
DB02_to_DK02#alt3,3,26,3100.0,1150.0,0.4931,0.0
DB02_to_DK02#alt3,3,27,3150.0,1150.0,0.4346,0.0
DB02_to_DK02#alt3,3,28,3200.0,1150.0,0.3784,0.0
DB02_to_DK02#alt3,3,29,3250.0,1150.0,0.3269,0.0
DB02_to_DK02#alt3,3,30,3300.0,1200.0,0.2972,0.0
DB02_to_DK02#alt3,3,31,3350.0,1200.0,0.253,0.0
DB02_to_DK02#alt3,3,32,3400.0,1200.0,0.2151,0.0
DB02_to_DK02#alt3,3,33,3450.0,1200.0,0.1937,0.0
DB02_to_DK02#alt3,3,34,3500.0,1200.0,0.2057,0.0
DB02_to_DK02#alt3,3,35,3550.0,1200.0,0.2151,0.0
DB02_to_DK02#alt3,3,36,3600.0,1200.0,0.2211,0.0
DB02_to_DK02#alt3,3,37,3650.0,1200.0,0.2231,0.0
DB02_to_DK02#alt3,3,38,3700.0,1200.0,0.2231,0.0
DB02_to_DK02#alt3,3,39,3750.0,1200.0,0.2211,0.0
DB02_to_DK02#alt3,3,40,3750.0,1250.0,0.1873,0.0
DB02_to_DK02#alt3,3,41,3750.0,1300.0,0.1587,0.0
DB02_to_DK02#alt3,3,42,3750.0,1350.0,0.1344,0.0
DB02_to_DK02#alt3,3,43,3750.0,1400.0,0.1308,0.0
DB02_to_DK02#alt3,3,44,3750.0,1450.0,0.1432,0.0
DB02_to_DK02#alt3,3,45,3750.0,1500.0,0.1551,0.0
DB02_to_DK02#alt3,3,46,3750.0,1550.0,0.1661,0.0
DB02_to_DK02#alt3,3,47,3750.0,1600.0,0.1755,0.0
DB02_to_DK02#alt3,3,48,3750.0,1650.0,0.1827,0.0
DB02_to_DK02#alt3,3,49,3750.0,1700.0,0.1873,0.0
DB02_to_DK02#alt3,3,50,3750.0,1750.0,0.1889,0.0
DB02_to_DK02#alt3,3,51,3750.0,1800.0,0.1889,0.0
DB02_to_DK02#alt3,3,52,3750.0,1850.0,0.1873,0.0
DB02_to_DK02#alt3,3,53,3750.0,1900.0,0.1827,0.0
DB02_to_DK02#alt3,3,54,3750.0,1950.0,0.1755,0.0
DB02_to_DK02#alt3,3,55,3750.0,2000.0,0.1661,0.0
DB02_to_DK02#alt3,3,56,3750.0,2050.0,0.1551,0.0
DB02_to_DK02#alt3,3,57,3750.0,2100.0,0.1432,0.0
DB02_to_DK02#alt3,3,58,3750.0,2150.0,0.1432,0.0
DB02_to_DK02#alt4,4,0,1800.0,1100.0,0.1183,0.0
DB02_to_DK02#alt4,4,1,1850.0,1100.0,0.1062,0.0
DB02_to_DK02#alt4,4,2,1900.0,1100.0,0.0987,0.0
DB02_to_DK02#alt4,4,3,1950.0,1100.0,0.1069,0.0
DB02_to_DK02#alt4,4,4,2000.0,1100.0,0.1146,0.0
DB02_to_DK02#alt4,4,5,2050.0,1100.0,0.1215,0.0
DB02_to_DK02#alt4,4,6,2100.0,1100.0,0.1273,0.0
DB02_to_DK02#alt4,4,7,2150.0,1100.0,0.1317,0.0
DB02_to_DK02#alt4,4,8,2200.0,1100.0,0.1344,0.0
DB02_to_DK02#alt4,4,9,2250.0,1100.0,0.1422,0.0
DB02_to_DK02#alt4,4,10,2300.0,1100.0,0.1661,0.0
DB02_to_DK02#alt4,4,11,2350.0,1150.0,0.2057,0.0
DB02_to_DK02#alt4,4,12,2400.0,1150.0,0.2407,0.0
DB02_to_DK02#alt4,4,13,2450.0,1150.0,0.281,0.0
DB02_to_DK02#alt4,4,14,2500.0,1150.0,0.3269,0.0
DB02_to_DK02#alt4,4,15,2550.0,1150.0,0.3784,0.0
DB02_to_DK02#alt4,4,16,2600.0,1150.0,0.4346,0.0
DB02_to_DK02#alt4,4,17,2650.0,1150.0,0.4931,0.0
DB02_to_DK02#alt4,4,18,2700.0,1150.0,0.5483,0.0
DB02_to_DK02#alt4,4,19,2750.0,1150.0,0.6241,0.0
DB02_to_DK02#alt4,4,20,2800.0,1150.0,0.6889,0.0
DB02_to_DK02#alt4,4,21,2850.0,1150.0,0.7165,0.0
DB02_to_DK02#alt4,4,22,2900.0,1150.0,0.7165,0.0
DB02_to_DK02#alt4,4,23,2950.0,1150.0,0.6889,0.0
DB02_to_DK02#alt4,4,24,3000.0,1150.0,0.6241,0.0
DB02_to_DK02#alt4,4,25,3050.0,1150.0,0.5483,0.0
DB02_to_DK02#alt4,4,26,3100.0,1150.0,0.4931,0.0
DB02_to_DK02#alt4,4,27,3150.0,1150.0,0.4346,0.0
DB02_to_DK02#alt4,4,28,3200.0,1150.0,0.3784,0.0
DB02_to_DK02#alt4,4,29,3250.0,1150.0,0.3269,0.0
DB02_to_DK02#alt4,4,30,3300.0,1150.0,0.281,0.0
DB02_to_DK02#alt4,4,31,3350.0,1200.0,0.253,0.0
DB02_to_DK02#alt4,4,32,3400.0,1200.0,0.2151,0.0
DB02_to_DK02#alt4,4,33,3450.0,1200.0,0.1937,0.0
DB02_to_DK02#alt4,4,34,3500.0,1200.0,0.2057,0.0
DB02_to_DK02#alt4,4,35,3550.0,1200.0,0.2151,0.0
DB02_to_DK02#alt4,4,36,3600.0,1200.0,0.2211,0.0
DB02_to_DK02#alt4,4,37,3650.0,1200.0,0.2231,0.0
DB02_to_DK02#alt4,4,38,3700.0,1200.0,0.2231,0.0
DB02_to_DK02#alt4,4,39,3750.0,1200.0,0.2211,0.0
DB02_to_DK02#alt4,4,40,3800.0,1200.0,0.2151,0.0
DB02_to_DK02#alt4,4,41,3850.0,1200.0,0.2057,0.0
DB02_to_DK02#alt4,4,42,3850.0,1250.0,0.1755,0.0
DB02_to_DK02#alt4,4,43,3850.0,1300.0,0.1495,0.0
DB02_to_DK02#alt4,4,44,3850.0,1350.0,0.1517,0.0
DB02_to_DK02#alt4,4,45,3850.0,1400.0,0.17,0.0
DB02_to_DK02#alt4,4,46,3800.0,1450.0,0.1648,0.0
DB02_to_DK02#alt4,4,47,3800.0,1500.0,0.1798,0.0
DB02_to_DK02#alt4,4,48,3800.0,1550.0,0.1937,0.0
DB02_to_DK02#alt4,4,49,3800.0,1600.0,0.2057,0.0
DB02_to_DK02#alt4,4,50,3800.0,1650.0,0.2151,0.0
DB02_to_DK02#alt4,4,51,3800.0,1700.0,0.2211,0.0
DB02_to_DK02#alt4,4,52,3800.0,1750.0,0.2231,0.0
DB02_to_DK02#alt4,4,53,3800.0,1800.0,0.2231,0.0
DB02_to_DK02#alt4,4,54,3800.0,1850.0,0.2211,0.0
DB02_to_DK02#alt4,4,55,3800.0,1900.0,0.2151,0.0
DB02_to_DK02#alt4,4,56,3750.0,1950.0,0.1755,0.0
DB02_to_DK02#alt4,4,57,3750.0,2000.0,0.1661,0.0
DB02_to_DK02#alt4,4,58,3750.0,2050.0,0.1551,0.0
DB02_to_DK02#alt4,4,59,3750.0,2100.0,0.1432,0.0
DB02_to_DK02#alt4,4,60,3750.0,2150.0,0.1432,0.0
DB02_to_DK02#alt5,5,0,1800.0,1100.0,0.1183,0.0
DB02_to_DK02#alt5,5,1,1850.0,1100.0,0.1062,0.0
DB02_to_DK02#alt5,5,2,1900.0,1100.0,0.0987,0.0
DB02_to_DK02#alt5,5,3,1950.0,1100.0,0.1069,0.0
DB02_to_DK02#alt5,5,4,2000.0,1100.0,0.1146,0.0
DB02_to_DK02#alt5,5,5,2050.0,1100.0,0.1215,0.0
DB02_to_DK02#alt5,5,6,2100.0,1100.0,0.1273,0.0
DB02_to_DK02#alt5,5,7,2150.0,1100.0,0.1317,0.0
DB02_to_DK02#alt5,5,8,2200.0,1100.0,0.1344,0.0
DB02_to_DK02#alt5,5,9,2250.0,1100.0,0.1422,0.0
DB02_to_DK02#alt5,5,10,2300.0,1100.0,0.1661,0.0
DB02_to_DK02#alt5,5,11,2350.0,1150.0,0.2057,0.0
DB02_to_DK02#alt5,5,12,2400.0,1150.0,0.2407,0.0
DB02_to_DK02#alt5,5,13,2450.0,1150.0,0.281,0.0
DB02_to_DK02#alt5,5,14,2500.0,1150.0,0.3269,0.0
DB02_to_DK02#alt5,5,15,2550.0,1150.0,0.3784,0.0
DB02_to_DK02#alt5,5,16,2600.0,1150.0,0.4346,0.0
DB02_to_DK02#alt5,5,17,2650.0,1150.0,0.4931,0.0
DB02_to_DK02#alt5,5,18,2700.0,1150.0,0.5483,0.0
DB02_to_DK02#alt5,5,19,2750.0,1150.0,0.6241,0.0
DB02_to_DK02#alt5,5,20,2800.0,1150.0,0.6889,0.0
DB02_to_DK02#alt5,5,21,2850.0,1150.0,0.7165,0.0
DB02_to_DK02#alt5,5,22,2900.0,1150.0,0.7165,0.0
DB02_to_DK02#alt5,5,23,2950.0,1150.0,0.6889,0.0
DB02_to_DK02#alt5,5,24,3000.0,1150.0,0.6241,0.0
DB02_to_DK02#alt5,5,25,3050.0,1150.0,0.5483,0.0
DB02_to_DK02#alt5,5,26,3100.0,1150.0,0.4931,0.0
DB02_to_DK02#alt5,5,27,3150.0,1150.0,0.4346,0.0
DB02_to_DK02#alt5,5,28,3200.0,1150.0,0.3784,0.0
DB02_to_DK02#alt5,5,29,3250.0,1150.0,0.3269,0.0
DB02_to_DK02#alt5,5,30,3300.0,1150.0,0.281,0.0
DB02_to_DK02#alt5,5,31,3350.0,1150.0,0.2407,0.0
DB02_to_DK02#alt5,5,32,3400.0,1150.0,0.2076,0.0
DB02_to_DK02#alt5,5,33,3450.0,1200.0,0.1937,0.0
DB02_to_DK02#alt5,5,34,3500.0,1200.0,0.2057,0.0
DB02_to_DK02#alt5,5,35,3550.0,1200.0,0.2151,0.0
DB02_to_DK02#alt5,5,36,3600.0,1200.0,0.2211,0.0
DB02_to_DK02#alt5,5,37,3650.0,1200.0,0.2231,0.0
DB02_to_DK02#alt5,5,38,3700.0,1200.0,0.2231,0.0
DB02_to_DK02#alt5,5,39,3750.0,1200.0,0.2211,0.0
DB02_to_DK02#alt5,5,40,3800.0,1200.0,0.2151,0.0
DB02_to_DK02#alt5,5,41,3850.0,1200.0,0.2057,0.0
DB02_to_DK02#alt5,5,42,3900.0,1200.0,0.1937,0.0
DB02_to_DK02#alt5,5,43,3950.0,1200.0,0.1798,0.0
DB02_to_DK02#alt5,5,44,3950.0,1250.0,0.1551,0.0
DB02_to_DK02#alt5,5,45,3950.0,1300.0,0.17,0.0
DB02_to_DK02#alt5,5,46,3900.0,1350.0,0.17,0.0
DB02_to_DK02#alt5,5,47,3900.0,1400.0,0.1921,0.0
DB02_to_DK02#alt5,5,48,3900.0,1450.0,0.2151,0.0
DB02_to_DK02#alt5,5,49,3900.0,1500.0,0.2384,0.0
DB02_to_DK02#alt5,5,50,3900.0,1550.0,0.2609,0.0
DB02_to_DK02#alt5,5,51,3850.0,1600.0,0.2407,0.0
DB02_to_DK02#alt5,5,52,3850.0,1650.0,0.253,0.0
DB02_to_DK02#alt5,5,53,3850.0,1700.0,0.2609,0.0
DB02_to_DK02#alt5,5,54,3850.0,1750.0,0.2636,0.0
DB02_to_DK02#alt5,5,55,3800.0,1800.0,0.2231,0.0
DB02_to_DK02#alt5,5,56,3800.0,1850.0,0.2211,0.0
DB02_to_DK02#alt5,5,57,3800.0,1900.0,0.2151,0.0
DB02_to_DK02#alt5,5,58,3800.0,1950.0,0.2057,0.0
DB02_to_DK02#alt5,5,59,3800.0,2000.0,0.1937,0.0
DB02_to_DK02#alt5,5,60,3750.0,2050.0,0.1551,0.0
DB02_to_DK02#alt5,5,61,3750.0,2100.0,0.1432,0.0
DB02_to_DK02#alt5,5,62,3750.0,2150.0,0.1432,0.0
DB02_to_DK02#alt6,6,0,1800.0,1100.0,0.1183,0.0
DB02_to_DK02#alt6,6,1,1850.0,1100.0,0.1062,0.0
DB02_to_DK02#alt6,6,2,1900.0,1100.0,0.0987,0.0
DB02_to_DK02#alt6,6,3,1950.0,1100.0,0.1069,0.0
DB02_to_DK02#alt6,6,4,2000.0,1100.0,0.1146,0.0
DB02_to_DK02#alt6,6,5,2050.0,1100.0,0.1215,0.0
DB02_to_DK02#alt6,6,6,2100.0,1100.0,0.1273,0.0
DB02_to_DK02#alt6,6,7,2150.0,1100.0,0.1317,0.0
DB02_to_DK02#alt6,6,8,2200.0,1100.0,0.1344,0.0
DB02_to_DK02#alt6,6,9,2250.0,1100.0,0.1422,0.0
DB02_to_DK02#alt6,6,10,2300.0,1100.0,0.1661,0.0
DB02_to_DK02#alt6,6,11,2350.0,1100.0,0.1937,0.0
DB02_to_DK02#alt6,6,12,2400.0,1150.0,0.2407,0.0
DB02_to_DK02#alt6,6,13,2450.0,1150.0,0.281,0.0
DB02_to_DK02#alt6,6,14,2500.0,1150.0,0.3269,0.0
DB02_to_DK02#alt6,6,15,2550.0,1150.0,0.3784,0.0
DB02_to_DK02#alt6,6,16,2600.0,1150.0,0.4346,0.0
DB02_to_DK02#alt6,6,17,2650.0,1150.0,0.4931,0.0
DB02_to_DK02#alt6,6,18,2700.0,1150.0,0.5483,0.0
DB02_to_DK02#alt6,6,19,2750.0,1150.0,0.6241,0.0
DB02_to_DK02#alt6,6,20,2800.0,1150.0,0.6889,0.0
DB02_to_DK02#alt6,6,21,2850.0,1150.0,0.7165,0.0
DB02_to_DK02#alt6,6,22,2900.0,1150.0,0.7165,0.0
DB02_to_DK02#alt6,6,23,2950.0,1150.0,0.6889,0.0
DB02_to_DK02#alt6,6,24,3000.0,1150.0,0.6241,0.0
DB02_to_DK02#alt6,6,25,3050.0,1150.0,0.5483,0.0
DB02_to_DK02#alt6,6,26,3100.0,1150.0,0.4931,0.0
DB02_to_DK02#alt6,6,27,3150.0,1150.0,0.4346,0.0
DB02_to_DK02#alt6,6,28,3200.0,1150.0,0.3784,0.0
DB02_to_DK02#alt6,6,29,3250.0,1150.0,0.3269,0.0
DB02_to_DK02#alt6,6,30,3300.0,1150.0,0.281,0.0
DB02_to_DK02#alt6,6,31,3350.0,1150.0,0.2407,0.0
DB02_to_DK02#alt6,6,32,3400.0,1150.0,0.2076,0.0
DB02_to_DK02#alt6,6,33,3450.0,1150.0,0.2252,0.0
DB02_to_DK02#alt6,6,34,3500.0,1200.0,0.2057,0.0
DB02_to_DK02#alt6,6,35,3550.0,1200.0,0.2151,0.0
DB02_to_DK02#alt6,6,36,3600.0,1200.0,0.2211,0.0
DB02_to_DK02#alt6,6,37,3650.0,1200.0,0.2231,0.0
DB02_to_DK02#alt6,6,38,3700.0,1200.0,0.2231,0.0
DB02_to_DK02#alt6,6,39,3750.0,1200.0,0.2211,0.0
DB02_to_DK02#alt6,6,40,3800.0,1200.0,0.2151,0.0
DB02_to_DK02#alt6,6,41,3850.0,1200.0,0.2057,0.0
DB02_to_DK02#alt6,6,42,3900.0,1200.0,0.1937,0.0
DB02_to_DK02#alt6,6,43,3950.0,1200.0,0.1798,0.0
DB02_to_DK02#alt6,6,44,4000.0,1200.0,0.1648,0.0
DB02_to_DK02#alt6,6,45,4050.0,1200.0,0.1551,0.0
DB02_to_DK02#alt6,6,46,4050.0,1250.0,0.1798,0.0
DB02_to_DK02#alt6,6,47,4000.0,1300.0,0.1889,0.0
DB02_to_DK02#alt6,6,48,4000.0,1350.0,0.2151,0.0
DB02_to_DK02#alt6,6,49,4000.0,1400.0,0.2431,0.0
DB02_to_DK02#alt6,6,50,3950.0,1450.0,0.2431,0.0
DB02_to_DK02#alt6,6,51,3950.0,1500.0,0.2721,0.0
DB02_to_DK02#alt6,6,52,3950.0,1550.0,0.3006,0.0
DB02_to_DK02#alt6,6,53,3900.0,1600.0,0.281,0.0
DB02_to_DK02#alt6,6,54,3900.0,1650.0,0.2972,0.0
DB02_to_DK02#alt6,6,55,3900.0,1700.0,0.3077,0.0
DB02_to_DK02#alt6,6,56,3900.0,1750.0,0.3114,0.0
DB02_to_DK02#alt6,6,57,3850.0,1800.0,0.2636,0.0
DB02_to_DK02#alt6,6,58,3850.0,1850.0,0.2609,0.0
DB02_to_DK02#alt6,6,59,3850.0,1900.0,0.253,0.0
DB02_to_DK02#alt6,6,60,3800.0,1950.0,0.2057,0.0
DB02_to_DK02#alt6,6,61,3800.0,2000.0,0.1937,0.0
DB02_to_DK02#alt6,6,62,3800.0,2050.0,0.1798,0.0
DB02_to_DK02#alt6,6,63,3750.0,2100.0,0.1432,0.0
DB02_to_DK02#alt6,6,64,3750.0,2150.0,0.1432,0.0
DB02_to_DK02#alt7,7,0,1800.0,1100.0,0.1183,0.0
DB02_to_DK02#alt7,7,1,1850.0,1100.0,0.1062,0.0
DB02_to_DK02#alt7,7,2,1900.0,1100.0,0.0987,0.0
DB02_to_DK02#alt7,7,3,1950.0,1100.0,0.1069,0.0
DB02_to_DK02#alt7,7,4,2000.0,1100.0,0.1146,0.0
DB02_to_DK02#alt7,7,5,2050.0,1100.0,0.1215,0.0
DB02_to_DK02#alt7,7,6,2100.0,1100.0,0.1273,0.0
DB02_to_DK02#alt7,7,7,2150.0,1100.0,0.1317,0.0
DB02_to_DK02#alt7,7,8,2200.0,1150.0,0.1587,0.0
DB02_to_DK02#alt7,7,9,2250.0,1150.0,0.1599,0.0
DB02_to_DK02#alt7,7,10,2300.0,1150.0,0.1755,0.0
DB02_to_DK02#alt7,7,11,2350.0,1150.0,0.2057,0.0
DB02_to_DK02#alt7,7,12,2400.0,1150.0,0.2407,0.0
DB02_to_DK02#alt7,7,13,2450.0,1150.0,0.281,0.0
DB02_to_DK02#alt7,7,14,2500.0,1150.0,0.3269,0.0
DB02_to_DK02#alt7,7,15,2550.0,1150.0,0.3784,0.0
DB02_to_DK02#alt7,7,16,2600.0,1150.0,0.4346,0.0
DB02_to_DK02#alt7,7,17,2650.0,1150.0,0.4931,0.0
DB02_to_DK02#alt7,7,18,2700.0,1150.0,0.5483,0.0
DB02_to_DK02#alt7,7,19,2750.0,1150.0,0.6241,0.0
DB02_to_DK02#alt7,7,20,2800.0,1150.0,0.6889,0.0
DB02_to_DK02#alt7,7,21,2850.0,1150.0,0.7165,0.0
DB02_to_DK02#alt7,7,22,2900.0,1150.0,0.7165,0.0
DB02_to_DK02#alt7,7,23,2950.0,1150.0,0.6889,0.0
DB02_to_DK02#alt7,7,24,3000.0,1200.0,0.6889,0.0
DB02_to_DK02#alt7,7,25,3050.0,1200.0,0.6241,0.0
DB02_to_DK02#alt7,7,26,3100.0,1200.0,0.5483,0.0
DB02_to_DK02#alt7,7,27,3150.0,1200.0,0.4746,0.0
DB02_to_DK02#alt7,7,28,3200.0,1200.0,0.4076,0.0
DB02_to_DK02#alt7,7,29,3250.0,1200.0,0.3485,0.0
DB02_to_DK02#alt7,7,30,3300.0,1200.0,0.2972,0.0
DB02_to_DK02#alt7,7,31,3350.0,1200.0,0.253,0.0
DB02_to_DK02#alt7,7,32,3400.0,1200.0,0.2151,0.0
DB02_to_DK02#alt7,7,33,3450.0,1200.0,0.1937,0.0
DB02_to_DK02#alt7,7,34,3500.0,1200.0,0.2057,0.0
DB02_to_DK02#alt7,7,35,3550.0,1200.0,0.2151,0.0
DB02_to_DK02#alt7,7,36,3600.0,1200.0,0.2211,0.0
DB02_to_DK02#alt7,7,37,3650.0,1200.0,0.2231,0.0
DB02_to_DK02#alt7,7,38,3700.0,1200.0,0.2231,0.0
DB02_to_DK02#alt7,7,39,3750.0,1200.0,0.2211,0.0
DB02_to_DK02#alt7,7,40,3800.0,1250.0,0.1827,0.0
DB02_to_DK02#alt7,7,41,3850.0,1250.0,0.1755,0.0
DB02_to_DK02#alt7,7,42,3900.0,1250.0,0.1661,0.0
DB02_to_DK02#alt7,7,43,3950.0,1250.0,0.1551,0.0
DB02_to_DK02#alt7,7,44,4000.0,1250.0,0.1648,0.0
DB02_to_DK02#alt7,7,45,4050.0,1250.0,0.1798,0.0
DB02_to_DK02#alt7,7,46,4100.0,1250.0,0.1937,0.0
DB02_to_DK02#alt7,7,47,4150.0,1250.0,0.2057,0.0
DB02_to_DK02#alt7,7,48,4150.0,1300.0,0.2407,0.0
DB02_to_DK02#alt7,7,49,4100.0,1350.0,0.2609,0.0
DB02_to_DK02#alt7,7,50,4100.0,1400.0,0.3006,0.0
DB02_to_DK02#alt7,7,51,4050.0,1450.0,0.3077,0.0
DB02_to_DK02#alt7,7,52,4050.0,1500.0,0.344,0.0
DB02_to_DK02#alt7,7,53,4000.0,1550.0,0.344,0.0
DB02_to_DK02#alt7,7,54,4000.0,1600.0,0.3784,0.0
DB02_to_DK02#alt7,7,55,3950.0,1650.0,0.3485,0.0
DB02_to_DK02#alt7,7,56,3950.0,1700.0,0.3628,0.0
DB02_to_DK02#alt7,7,57,3950.0,1750.0,0.3679,0.0
DB02_to_DK02#alt7,7,58,3900.0,1800.0,0.3114,0.0
DB02_to_DK02#alt7,7,59,3900.0,1850.0,0.3077,0.0
DB02_to_DK02#alt7,7,60,3850.0,1900.0,0.253,0.0
DB02_to_DK02#alt7,7,61,3850.0,1950.0,0.2407,0.0
DB02_to_DK02#alt7,7,62,3800.0,2000.0,0.1937,0.0
DB02_to_DK02#alt7,7,63,3800.0,2050.0,0.1798,0.0
DB02_to_DK02#alt7,7,64,3750.0,2100.0,0.1432,0.0
DB02_to_DK02#alt7,7,65,3750.0,2150.0,0.1432,0.0
DB01_to_DK06#alt0,0,0,1000.0,3900.0,0.7165,0.0
DB01_to_DK06#alt0,0,1,1050.0,3950.0,0.6889,0.0
DB01_to_DK06#alt0,0,2,1100.0,3950.0,0.7165,0.0
DB01_to_DK06#alt0,0,3,1150.0,4000.0,0.6241,0.0
DB01_to_DK06#alt0,0,4,1200.0,4000.0,0.6889,0.0
DB01_to_DK06#alt0,0,5,1250.0,4050.0,0.6889,0.0
DB01_to_DK06#alt0,0,6,1300.0,4050.0,0.7165,0.0
DB01_to_DK06#alt0,0,7,1350.0,4000.0,0.6241,0.0
DB01_to_DK06#alt0,0,8,1400.0,4000.0,0.6065,0.0
DB01_to_DK06#alt0,0,9,1450.0,3950.0,0.6889,0.0
DB01_to_DK06#alt0,0,10,1500.0,3950.0,0.6241,0.0
DB01_to_DK06#alt0,0,11,1550.0,3950.0,0.6889,0.0
DB01_to_DK06#alt0,0,12,1600.0,3900.0,0.6889,0.0
DB01_to_DK06#alt0,0,13,1650.0,3900.0,0.7165,0.0
DB01_to_DK06#alt0,0,14,1700.0,3850.0,0.6065,0.0
DB01_to_DK06#alt0,0,15,1750.0,3850.0,0.6065,0.0
DB01_to_DK06#alt0,0,16,1800.0,3850.0,0.5903,0.0
DB01_to_DK06#alt0,0,17,1850.0,3800.0,0.5134,0.0
DB01_to_DK06#alt0,0,18,1900.0,3800.0,0.5134,0.0
DB01_to_DK06#alt0,0,19,1950.0,3800.0,0.5134,0.0
DB01_to_DK06#alt0,0,20,2000.0,3750.0,0.6065,0.0
DB01_to_DK06#alt0,0,21,2050.0,3750.0,0.6065,0.0
DB01_to_DK06#alt0,0,22,2100.0,3750.0,0.5903,0.0
DB01_to_DK06#alt0,0,23,2150.0,3750.0,0.5483,0.0
DB01_to_DK06#alt0,0,24,2200.0,3700.0,0.5483,0.0
DB01_to_DK06#alt0,0,25,2250.0,3700.0,0.5903,0.0
DB01_to_DK06#alt0,0,26,2300.0,3700.0,0.6889,0.0
DB01_to_DK06#alt0,0,27,2350.0,3650.0,0.6889,0.0
DB01_to_DK06#alt0,0,28,2400.0,3650.0,0.7165,0.0
DB01_to_DK06#alt0,0,29,2450.0,3600.0,0.6065,0.0
DB01_to_DK06#alt0,0,30,2500.0,3550.0,0.5134,0.0
DB01_to_DK06#alt0,0,31,2550.0,3500.0,0.4275,0.0
DB01_to_DK06#alt0,0,32,2600.0,3450.0,0.3679,0.0
DB01_to_DK06#alt0,0,33,2650.0,3450.0,0.4346,0.0
DB01_to_DK06#alt0,0,34,2700.0,3400.0,0.5134,0.0
DB01_to_DK06#alt0,0,35,2750.0,3350.0,0.6065,0.0
DB01_to_DK06#alt0,0,36,2800.0,3300.0,0.6889,0.0
DB01_to_DK06#alt0,0,37,2850.0,3250.0,0.6889,0.0
DB01_to_DK06#alt0,0,38,2900.0,3200.0,0.6889,0.0
DB01_to_DK06#alt0,0,39,2900.0,3150.0,0.5903,0.0
DB01_to_DK06#alt0,0,40,2950.0,3100.0,0.5134,0.0
DB01_to_DK06#alt0,0,41,2950.0,3050.0,0.503,0.0
DB01_to_DK06#alt0,0,42,2950.0,3000.0,0.4746,0.0
DB01_to_DK06#alt0,0,43,3000.0,2950.0,0.4931,0.0
DB01_to_DK06#alt0,0,44,3000.0,2900.0,0.4346,0.0
DB01_to_DK06#alt0,0,45,3000.0,2850.0,0.3895,0.0
DB01_to_DK06#alt0,0,46,3050.0,2800.0,0.3895,0.0
DB01_to_DK06#alt0,0,47,3050.0,2750.0,0.344,0.0
DB01_to_DK06#alt0,0,48,3050.0,2700.0,0.3006,0.0
DB01_to_DK06#alt0,0,49,3100.0,2650.0,0.281,0.0
DB01_to_DK06#alt0,0,50,3100.0,2600.0,0.2407,0.0
DB01_to_DK06#alt0,0,51,3150.0,2550.0,0.2252,0.0
DB01_to_DK06#alt0,0,52,3150.0,2500.0,0.2407,0.0
DB01_to_DK06#alt0,0,53,3150.0,2450.0,0.2609,0.0
DB01_to_DK06#alt0,0,54,3200.0,2400.0,0.2407,0.0
DB01_to_DK06#alt0,0,55,3200.0,2350.0,0.253,0.0
DB01_to_DK06#alt0,0,56,3200.0,2300.0,0.2609,0.0
DB01_to_DK06#alt0,0,57,3250.0,2250.0,0.2231,0.0
DB01_to_DK06#alt0,0,58,3250.0,2200.0,0.2231,0.0
DB01_to_DK06#alt0,0,59,3250.0,2150.0,0.2231,0.0
DB01_to_DK06#alt0,0,60,3300.0,2100.0,0.1889,0.0
DB01_to_DK06#alt0,0,61,3300.0,2050.0,0.1889,0.0
DB01_to_DK06#alt0,0,62,3300.0,2000.0,0.1889,0.0
DB01_to_DK06#alt0,0,63,3350.0,1950.0,0.1599,0.0
DB01_to_DK06#alt0,0,64,3350.0,1900.0,0.1587,0.0
DB01_to_DK06#alt0,0,65,3350.0,1850.0,0.1551,0.0
DB01_to_DK06#alt0,0,66,3400.0,1800.0,0.1495,0.0
DB01_to_DK06#alt0,0,67,3400.0,1750.0,0.1648,0.0
DB01_to_DK06#alt0,0,68,3400.0,1700.0,0.1798,0.0
DB01_to_DK06#alt0,0,69,3450.0,1650.0,0.1661,0.0
DB01_to_DK06#alt0,0,70,3450.0,1600.0,0.1755,0.0
DB01_to_DK06#alt0,0,71,3500.0,1550.0,0.1551,0.0
DB01_to_DK06#alt0,0,72,3500.0,1500.0,0.1587,0.0
DB01_to_DK06#alt0,0,73,3500.0,1450.0,0.1599,0.0
DB01_to_DK06#alt0,0,74,3550.0,1400.0,0.1353,0.0
DB01_to_DK06#alt0,0,75,3550.0,1350.0,0.1353,0.0
DB01_to_DK06#alt0,0,76,3550.0,1300.0,0.1551,0.0
DB01_to_DK06#alt0,0,77,3600.0,1250.0,0.1873,0.0
DB01_to_DK06#alt0,0,78,3600.0,1200.0,0.2211,0.0
DB01_to_DK06#alt1,1,0,1000.0,3900.0,0.7165,0.0
DB01_to_DK06#alt1,1,1,950.0,3900.0,0.6889,0.0
DB01_to_DK06#alt1,1,2,900.0,3850.0,0.6889,0.0
DB01_to_DK06#alt1,1,3,850.0,3850.0,0.6241,0.0
DB01_to_DK06#alt1,1,4,800.0,3800.0,0.5903,0.0
DB01_to_DK06#alt1,1,5,750.0,3800.0,0.503,0.0
DB01_to_DK06#alt1,1,6,700.0,3750.0,0.4746,0.0
DB01_to_DK06#alt1,1,7,650.0,3750.0,0.4076,0.0
DB01_to_DK06#alt1,1,8,600.0,3700.0,0.3628,0.0
DB01_to_DK06#alt1,1,9,550.0,3700.0,0.3077,0.0
DB01_to_DK06#alt1,1,10,500.0,3650.0,0.281,0.0
DB01_to_DK06#alt1,1,11,450.0,3650.0,0.2407,0.0
DB01_to_DK06#alt1,1,12,400.0,3600.0,0.2151,0.0
DB01_to_DK06#alt1,1,13,350.0,3600.0,0.1827,0.0
DB01_to_DK06#alt1,1,14,300.0,3550.0,0.1587,0.0
DB01_to_DK06#alt1,1,15,250.0,3550.0,0.1344,0.0
DB01_to_DK06#alt1,1,16,200.0,3500.0,0.1146,0.0
DB01_to_DK06#alt1,1,17,150.0,3500.0,0.097,0.0
DB01_to_DK06#alt1,1,18,100.0,3450.0,0.0816,0.0
DB01_to_DK06#alt1,1,19,50.0,3450.0,0.0691,0.0
DB01_to_DK06#alt1,1,20,50.0,3400.0,0.0681,0.0
DB01_to_DK06#alt1,1,21,100.0,3350.0,0.0781,0.0
DB01_to_DK06#alt1,1,22,100.0,3300.0,0.0752,0.0
DB01_to_DK06#alt1,1,23,150.0,3250.0,0.0839,0.0
DB01_to_DK06#alt1,1,24,150.0,3200.0,0.079,0.0
DB01_to_DK06#alt1,1,25,150.0,3150.0,0.0752,0.0
DB01_to_DK06#alt1,1,26,200.0,3100.0,0.0839,0.0
DB01_to_DK06#alt1,1,27,200.0,3050.0,0.079,0.0
DB01_to_DK06#alt1,1,28,250.0,3000.0,0.0854,0.0
DB01_to_DK06#alt1,1,29,250.0,2950.0,0.079,0.0
DB01_to_DK06#alt1,1,30,300.0,2900.0,0.0854,0.0
DB01_to_DK06#alt1,1,31,300.0,2850.0,0.0785,0.0
DB01_to_DK06#alt1,1,32,300.0,2800.0,0.0717,0.0
DB01_to_DK06#alt1,1,33,350.0,2750.0,0.074,0.0
DB01_to_DK06#alt1,1,34,350.0,2700.0,0.0663,0.0
DB01_to_DK06#alt1,1,35,400.0,2650.0,0.0663,0.0
DB01_to_DK06#alt1,1,36,400.0,2600.0,0.0591,0.0
DB01_to_DK06#alt1,1,37,400.0,2550.0,0.0524,0.0
DB01_to_DK06#alt1,1,38,450.0,2500.0,0.0514,0.0
DB01_to_DK06#alt1,1,39,450.0,2450.0,0.0514,0.0
DB01_to_DK06#alt1,1,40,500.0,2400.0,0.065,0.0
DB01_to_DK06#alt1,1,41,500.0,2350.0,0.074,0.0
DB01_to_DK06#alt1,1,42,550.0,2300.0,0.0936,0.0
DB01_to_DK06#alt1,1,43,550.0,2250.0,0.1062,0.0
DB01_to_DK06#alt1,1,44,550.0,2200.0,0.1199,0.0
DB01_to_DK06#alt1,1,45,600.0,2150.0,0.1517,0.0
DB01_to_DK06#alt1,1,46,600.0,2100.0,0.17,0.0
DB01_to_DK06#alt1,1,47,650.0,2050.0,0.2151,0.0
DB01_to_DK06#alt1,1,48,650.0,2000.0,0.2431,0.0
DB01_to_DK06#alt1,1,49,650.0,1950.0,0.2721,0.0
DB01_to_DK06#alt1,1,50,700.0,1900.0,0.344,0.0
DB01_to_DK06#alt1,1,51,700.0,1850.0,0.3895,0.0
DB01_to_DK06#alt1,1,52,750.0,1800.0,0.4931,0.0
DB01_to_DK06#alt1,1,53,750.0,1750.0,0.5483,0.0
DB01_to_DK06#alt1,1,54,800.0,1700.0,0.6889,0.0
DB01_to_DK06#alt1,1,55,800.0,1650.0,0.7165,0.0
DB01_to_DK06#alt1,1,56,800.0,1600.0,0.6889,0.0
DB01_to_DK06#alt1,1,57,850.0,1550.0,0.7165,0.0
DB01_to_DK06#alt1,1,58,850.0,1500.0,0.6889,0.0
DB01_to_DK06#alt1,1,59,900.0,1450.0,0.6889,0.0
DB01_to_DK06#alt1,1,60,900.0,1400.0,0.5903,0.0
DB01_to_DK06#alt1,1,61,900.0,1350.0,0.503,0.0
DB01_to_DK06#alt1,1,62,950.0,1300.0,0.4346,0.0
DB01_to_DK06#alt1,1,63,950.0,1250.0,0.3679,0.0
DB01_to_DK06#alt1,1,64,1000.0,1200.0,0.3114,0.0
DB01_to_DK06#alt1,1,65,1000.0,1150.0,0.2636,0.0
DB01_to_DK06#alt1,1,66,1050.0,1100.0,0.2231,0.0
DB01_to_DK06#alt1,1,67,1050.0,1050.0,0.2151,0.0
DB01_to_DK06#alt1,1,68,1050.0,1000.0,0.2431,0.0
DB01_to_DK06#alt1,1,69,1100.0,950.0,0.2384,0.0
DB01_to_DK06#alt1,1,70,1100.0,900.0,0.2609,0.0
DB01_to_DK06#alt1,1,71,1150.0,850.0,0.2407,0.0
DB01_to_DK06#alt1,1,72,1150.0,800.0,0.253,0.0
DB01_to_DK06#alt1,1,73,1150.0,750.0,0.2609,0.0
DB01_to_DK06#alt1,1,74,1200.0,700.0,0.2231,0.0
DB01_to_DK06#alt1,1,75,1200.0,650.0,0.2231,0.0
DB01_to_DK06#alt1,1,76,1250.0,600.0,0.1873,0.0
DB01_to_DK06#alt1,1,77,1250.0,550.0,0.1827,0.0
DB01_to_DK06#alt1,1,78,1300.0,500.0,0.1495,0.0
DB01_to_DK06#alt1,1,79,1300.0,450.0,0.1422,0.0
DB01_to_DK06#alt1,1,80,1350.0,450.0,0.1215,0.0
DB01_to_DK06#alt1,1,81,1400.0,500.0,0.1082,0.0
DB01_to_DK06#alt1,1,82,1450.0,500.0,0.092,0.0
DB01_to_DK06#alt1,1,83,1500.0,500.0,0.0781,0.0
DB01_to_DK06#alt1,1,84,1550.0,550.0,0.0681,0.0
DB01_to_DK06#alt1,1,85,1600.0,550.0,0.0577,0.0
DB01_to_DK06#alt1,1,86,1650.0,550.0,0.0489,0.0
DB01_to_DK06#alt1,1,87,1700.0,600.0,0.042,0.0
DB01_to_DK06#alt1,1,88,1750.0,600.0,0.0355,0.0
DB01_to_DK06#alt1,1,89,1800.0,600.0,0.0301,0.0
DB01_to_DK06#alt1,1,90,1850.0,650.0,0.0301,0.0
DB01_to_DK06#alt1,1,91,1900.0,650.0,0.0279,0.0
DB01_to_DK06#alt1,1,92,1950.0,650.0,0.0282,0.0
DB01_to_DK06#alt1,1,93,2000.0,700.0,0.0357,0.0
DB01_to_DK06#alt1,1,94,2050.0,700.0,0.0407,0.0
DB01_to_DK06#alt1,1,95,2100.0,700.0,0.0463,0.0
DB01_to_DK06#alt1,1,96,2150.0,750.0,0.0585,0.0
DB01_to_DK06#alt1,1,97,2200.0,750.0,0.0663,0.0
DB01_to_DK06#alt1,1,98,2250.0,750.0,0.0748,0.0
DB01_to_DK06#alt1,1,99,2300.0,800.0,0.0947,0.0
DB01_to_DK06#alt1,1,100,2350.0,800.0,0.1062,0.0
DB01_to_DK06#alt1,1,101,2400.0,800.0,0.1199,0.0
DB01_to_DK06#alt1,1,102,2450.0,800.0,0.1344,0.0
DB01_to_DK06#alt1,1,103,2500.0,850.0,0.17,0.0
DB01_to_DK06#alt1,1,104,2550.0,850.0,0.1889,0.0
DB01_to_DK06#alt1,1,105,2600.0,850.0,0.2076,0.0
DB01_to_DK06#alt1,1,106,2650.0,900.0,0.2609,0.0
DB01_to_DK06#alt1,1,107,2700.0,900.0,0.281,0.0
DB01_to_DK06#alt1,1,108,2750.0,900.0,0.2972,0.0
DB01_to_DK06#alt1,1,109,2800.0,950.0,0.3628,0.0
DB01_to_DK06#alt1,1,110,2850.0,950.0,0.3679,0.0
DB01_to_DK06#alt1,1,111,2900.0,950.0,0.3679,0.0
DB01_to_DK06#alt1,1,112,2950.0,1000.0,0.4275,0.0
DB01_to_DK06#alt1,1,113,3000.0,1000.0,0.4076,0.0
DB01_to_DK06#alt1,1,114,3050.0,1000.0,0.3784,0.0
DB01_to_DK06#alt1,1,115,3100.0,1050.0,0.3895,0.0
DB01_to_DK06#alt1,1,116,3150.0,1050.0,0.344,0.0
DB01_to_DK06#alt1,1,117,3200.0,1050.0,0.3077,0.0
DB01_to_DK06#alt1,1,118,3250.0,1100.0,0.3006,0.0
DB01_to_DK06#alt1,1,119,3300.0,1100.0,0.2609,0.0
DB01_to_DK06#alt1,1,120,3350.0,1100.0,0.2252,0.0
DB01_to_DK06#alt1,1,121,3400.0,1150.0,0.2076,0.0
DB01_to_DK06#alt1,1,122,3450.0,1150.0,0.2252,0.0
DB01_to_DK06#alt1,1,123,3500.0,1150.0,0.2407,0.0
DB01_to_DK06#alt1,1,124,3550.0,1200.0,0.2151,0.0
DB01_to_DK06#alt1,1,125,3600.0,1200.0,0.2211,0.0
DB01_to_DK06#alt2,2,0,1000.0,3900.0,0.7165,0.0
DB01_to_DK06#alt2,2,1,950.0,3900.0,0.6889,0.0
DB01_to_DK06#alt2,2,2,900.0,3850.0,0.6889,0.0
DB01_to_DK06#alt2,2,3,850.0,3850.0,0.6241,0.0
DB01_to_DK06#alt2,2,4,800.0,3800.0,0.5903,0.0
DB01_to_DK06#alt2,2,5,750.0,3800.0,0.503,0.0
DB01_to_DK06#alt2,2,6,700.0,3750.0,0.4746,0.0
DB01_to_DK06#alt2,2,7,650.0,3750.0,0.4076,0.0
DB01_to_DK06#alt2,2,8,600.0,3700.0,0.3628,0.0
DB01_to_DK06#alt2,2,9,550.0,3700.0,0.3077,0.0
DB01_to_DK06#alt2,2,10,500.0,3650.0,0.281,0.0
DB01_to_DK06#alt2,2,11,450.0,3650.0,0.2407,0.0
DB01_to_DK06#alt2,2,12,400.0,3600.0,0.2151,0.0
DB01_to_DK06#alt2,2,13,350.0,3600.0,0.1827,0.0
DB01_to_DK06#alt2,2,14,300.0,3550.0,0.1587,0.0
DB01_to_DK06#alt2,2,15,250.0,3550.0,0.1344,0.0
DB01_to_DK06#alt2,2,16,200.0,3500.0,0.1146,0.0
DB01_to_DK06#alt2,2,17,150.0,3500.0,0.097,0.0
DB01_to_DK06#alt2,2,18,100.0,3450.0,0.0816,0.0
DB01_to_DK06#alt2,2,19,50.0,3450.0,0.0691,0.0
DB01_to_DK06#alt2,2,20,50.0,3400.0,0.0681,0.0
DB01_to_DK06#alt2,2,21,100.0,3350.0,0.0781,0.0
DB01_to_DK06#alt2,2,22,100.0,3300.0,0.0752,0.0
DB01_to_DK06#alt2,2,23,150.0,3250.0,0.0839,0.0
DB01_to_DK06#alt2,2,24,150.0,3200.0,0.079,0.0
DB01_to_DK06#alt2,2,25,150.0,3150.0,0.0752,0.0
DB01_to_DK06#alt2,2,26,200.0,3100.0,0.0839,0.0
DB01_to_DK06#alt2,2,27,200.0,3050.0,0.079,0.0
DB01_to_DK06#alt2,2,28,250.0,3000.0,0.0854,0.0
DB01_to_DK06#alt2,2,29,250.0,2950.0,0.079,0.0
DB01_to_DK06#alt2,2,30,250.0,2900.0,0.0736,0.0
DB01_to_DK06#alt2,2,31,300.0,2850.0,0.0785,0.0
DB01_to_DK06#alt2,2,32,300.0,2800.0,0.0717,0.0
DB01_to_DK06#alt2,2,33,350.0,2750.0,0.074,0.0
DB01_to_DK06#alt2,2,34,350.0,2700.0,0.0663,0.0
DB01_to_DK06#alt2,2,35,350.0,2650.0,0.0591,0.0
DB01_to_DK06#alt2,2,36,400.0,2600.0,0.0591,0.0
DB01_to_DK06#alt2,2,37,400.0,2550.0,0.0524,0.0
DB01_to_DK06#alt2,2,38,450.0,2500.0,0.0514,0.0
DB01_to_DK06#alt2,2,39,450.0,2450.0,0.0514,0.0
DB01_to_DK06#alt2,2,40,450.0,2400.0,0.0585,0.0
DB01_to_DK06#alt2,2,41,500.0,2350.0,0.074,0.0
DB01_to_DK06#alt2,2,42,500.0,2300.0,0.0839,0.0
DB01_to_DK06#alt2,2,43,550.0,2250.0,0.1062,0.0
DB01_to_DK06#alt2,2,44,550.0,2200.0,0.1199,0.0
DB01_to_DK06#alt2,2,45,550.0,2150.0,0.1344,0.0
DB01_to_DK06#alt2,2,46,600.0,2100.0,0.17,0.0
DB01_to_DK06#alt2,2,47,600.0,2050.0,0.1921,0.0
DB01_to_DK06#alt2,2,48,650.0,2000.0,0.2431,0.0
DB01_to_DK06#alt2,2,49,650.0,1950.0,0.2721,0.0
DB01_to_DK06#alt2,2,50,650.0,1900.0,0.3077,0.0
DB01_to_DK06#alt2,2,51,700.0,1850.0,0.3895,0.0
DB01_to_DK06#alt2,2,52,700.0,1800.0,0.4346,0.0
DB01_to_DK06#alt2,2,53,750.0,1750.0,0.5483,0.0
DB01_to_DK06#alt2,2,54,750.0,1700.0,0.5903,0.0
DB01_to_DK06#alt2,2,55,800.0,1650.0,0.7165,0.0
DB01_to_DK06#alt2,2,56,800.0,1600.0,0.6889,0.0
DB01_to_DK06#alt2,2,57,800.0,1550.0,0.6241,0.0
DB01_to_DK06#alt2,2,58,850.0,1500.0,0.6889,0.0
DB01_to_DK06#alt2,2,59,850.0,1450.0,0.6241,0.0
DB01_to_DK06#alt2,2,60,900.0,1400.0,0.5903,0.0
DB01_to_DK06#alt2,2,61,900.0,1350.0,0.503,0.0
DB01_to_DK06#alt2,2,62,900.0,1300.0,0.4275,0.0
DB01_to_DK06#alt2,2,63,950.0,1250.0,0.3679,0.0
DB01_to_DK06#alt2,2,64,950.0,1200.0,0.3114,0.0
DB01_to_DK06#alt2,2,65,1000.0,1150.0,0.2636,0.0
DB01_to_DK06#alt2,2,66,1000.0,1100.0,0.2231,0.0
DB01_to_DK06#alt2,2,67,1000.0,1050.0,0.2384,0.0
DB01_to_DK06#alt2,2,68,1050.0,1000.0,0.2431,0.0
DB01_to_DK06#alt2,2,69,1050.0,950.0,0.2721,0.0
DB01_to_DK06#alt2,2,70,1100.0,900.0,0.2609,0.0
DB01_to_DK06#alt2,2,71,1100.0,850.0,0.281,0.0
DB01_to_DK06#alt2,2,72,1100.0,800.0,0.2972,0.0
DB01_to_DK06#alt2,2,73,1150.0,750.0,0.2609,0.0
DB01_to_DK06#alt2,2,74,1150.0,700.0,0.2636,0.0
DB01_to_DK06#alt2,2,75,1200.0,650.0,0.2231,0.0
DB01_to_DK06#alt2,2,76,1200.0,600.0,0.2211,0.0
DB01_to_DK06#alt2,2,77,1200.0,550.0,0.2151,0.0
DB01_to_DK06#alt2,2,78,1250.0,500.0,0.1755,0.0
DB01_to_DK06#alt2,2,79,1250.0,450.0,0.1661,0.0
DB01_to_DK06#alt2,2,80,1300.0,400.0,0.1335,0.0
DB01_to_DK06#alt2,2,81,1300.0,350.0,0.1239,0.0
DB01_to_DK06#alt2,2,82,1350.0,350.0,0.1069,0.0
DB01_to_DK06#alt2,2,83,1400.0,400.0,0.0981,0.0
DB01_to_DK06#alt2,2,84,1450.0,400.0,0.0839,0.0
DB01_to_DK06#alt2,2,85,1500.0,400.0,0.0717,0.0
DB01_to_DK06#alt2,2,86,1550.0,450.0,0.064,0.0
DB01_to_DK06#alt2,2,87,1600.0,450.0,0.0544,0.0
DB01_to_DK06#alt2,2,88,1650.0,500.0,0.0478,0.0
DB01_to_DK06#alt2,2,89,1700.0,500.0,0.0405,0.0
DB01_to_DK06#alt2,2,90,1750.0,500.0,0.0344,0.0
DB01_to_DK06#alt2,2,91,1800.0,550.0,0.0297,0.0
DB01_to_DK06#alt2,2,92,1850.0,550.0,0.0252,0.0
DB01_to_DK06#alt2,2,93,1900.0,550.0,0.0213,0.0
DB01_to_DK06#alt2,2,94,1950.0,600.0,0.0255,0.0
DB01_to_DK06#alt2,2,95,2000.0,600.0,0.0289,0.0
DB01_to_DK06#alt2,2,96,2050.0,650.0,0.0366,0.0
DB01_to_DK06#alt2,2,97,2100.0,650.0,0.0414,0.0
DB01_to_DK06#alt2,2,98,2150.0,650.0,0.0467,0.0
DB01_to_DK06#alt2,2,99,2200.0,700.0,0.0591,0.0
DB01_to_DK06#alt2,2,100,2250.0,700.0,0.0663,0.0
DB01_to_DK06#alt2,2,101,2300.0,700.0,0.0748,0.0
DB01_to_DK06#alt2,2,102,2350.0,750.0,0.0947,0.0
DB01_to_DK06#alt2,2,103,2400.0,750.0,0.1062,0.0
DB01_to_DK06#alt2,2,104,2450.0,750.0,0.1183,0.0
DB01_to_DK06#alt2,2,105,2500.0,800.0,0.1495,0.0
DB01_to_DK06#alt2,2,106,2550.0,800.0,0.1648,0.0
DB01_to_DK06#alt2,2,107,2600.0,850.0,0.2076,0.0
DB01_to_DK06#alt2,2,108,2650.0,850.0,0.2252,0.0
DB01_to_DK06#alt2,2,109,2700.0,850.0,0.2407,0.0
DB01_to_DK06#alt2,2,110,2750.0,900.0,0.2972,0.0
DB01_to_DK06#alt2,2,111,2800.0,900.0,0.3077,0.0
DB01_to_DK06#alt2,2,112,2850.0,900.0,0.3114,0.0
DB01_to_DK06#alt2,2,113,2900.0,950.0,0.3679,0.0
DB01_to_DK06#alt2,2,114,2950.0,950.0,0.3628,0.0
DB01_to_DK06#alt2,2,115,3000.0,1000.0,0.4076,0.0
DB01_to_DK06#alt2,2,116,3050.0,1000.0,0.3784,0.0
DB01_to_DK06#alt2,2,117,3100.0,1000.0,0.344,0.0
DB01_to_DK06#alt2,2,118,3150.0,1050.0,0.344,0.0
DB01_to_DK06#alt2,2,119,3200.0,1050.0,0.3077,0.0
DB01_to_DK06#alt2,2,120,3250.0,1050.0,0.2721,0.0
DB01_to_DK06#alt2,2,121,3300.0,1100.0,0.2609,0.0
DB01_to_DK06#alt2,2,122,3350.0,1100.0,0.2252,0.0
DB01_to_DK06#alt2,2,123,3400.0,1150.0,0.2076,0.0
DB01_to_DK06#alt2,2,124,3450.0,1150.0,0.2252,0.0
DB01_to_DK06#alt2,2,125,3500.0,1150.0,0.2407,0.0
DB01_to_DK06#alt2,2,126,3550.0,1200.0,0.2151,0.0
DB01_to_DK06#alt2,2,127,3600.0,1200.0,0.2211,0.0
DB01_to_DK06#alt3,3,0,1000.0,3900.0,0.7165,0.0
DB01_to_DK06#alt3,3,1,950.0,3950.0,0.5903,0.0
DB01_to_DK06#alt3,3,2,900.0,3950.0,0.5483,0.0
DB01_to_DK06#alt3,3,3,850.0,4000.0,0.4346,0.0
DB01_to_DK06#alt3,3,4,800.0,4000.0,0.4076,0.0
DB01_to_DK06#alt3,3,5,750.0,4050.0,0.4346,0.0
DB01_to_DK06#alt3,3,6,700.0,4050.0,0.4275,0.0
DB01_to_DK06#alt3,3,7,650.0,4100.0,0.5134,0.0
DB01_to_DK06#alt3,3,8,600.0,4100.0,0.5134,0.0
DB01_to_DK06#alt3,3,9,550.0,4150.0,0.6065,0.0
DB01_to_DK06#alt3,3,10,500.0,4150.0,0.6065,0.0
DB01_to_DK06#alt3,3,11,450.0,4200.0,0.7165,0.0
DB01_to_DK06#alt3,3,12,400.0,4200.0,0.6889,0.0
DB01_to_DK06#alt3,3,13,350.0,4250.0,0.6889,0.0
DB01_to_DK06#alt3,3,14,300.0,4300.0,0.6889,0.0
DB01_to_DK06#alt3,3,15,300.0,4350.0,0.7165,0.0
DB01_to_DK06#alt3,3,16,250.0,4400.0,0.6889,0.0
DB01_to_DK06#alt3,3,17,250.0,4450.0,0.7165,0.0
DB01_to_DK06#alt3,3,18,250.0,4500.0,0.7165,0.0
DB01_to_DK06#alt3,3,19,250.0,4550.0,0.6889,0.0
DB01_to_DK06#alt3,3,20,300.0,4600.0,0.6889,0.0
DB01_to_DK06#alt3,3,21,300.0,4650.0,0.6241,0.0
DB01_to_DK06#alt3,3,22,300.0,4700.0,0.5483,0.0
DB01_to_DK06#alt3,3,23,350.0,4700.0,0.6241,0.0
DB01_to_DK06#alt3,3,24,400.0,4700.0,0.6889,0.0
DB01_to_DK06#alt3,3,25,450.0,4700.0,0.7165,0.0
DB01_to_DK06#alt3,3,26,500.0,4750.0,0.6889,0.0
DB01_to_DK06#alt3,3,27,550.0,4750.0,0.7165,0.0
DB01_to_DK06#alt3,3,28,600.0,4750.0,0.6889,0.0
DB01_to_DK06#alt3,3,29,650.0,4750.0,0.6241,0.0
DB01_to_DK06#alt3,3,30,700.0,4750.0,0.5903,0.0
DB01_to_DK06#alt3,3,31,750.0,4750.0,0.5483,0.0
DB01_to_DK06#alt3,3,32,800.0,4800.0,0.4346,0.0
DB01_to_DK06#alt3,3,33,850.0,4800.0,0.3895,0.0
DB01_to_DK06#alt3,3,34,900.0,4800.0,0.344,0.0
DB01_to_DK06#alt3,3,35,950.0,4800.0,0.3077,0.0
DB01_to_DK06#alt3,3,36,1000.0,4800.0,0.2721,0.0
DB01_to_DK06#alt3,3,37,1050.0,4800.0,0.2609,0.0
DB01_to_DK06#alt3,3,38,1100.0,4800.0,0.281,0.0
DB01_to_DK06#alt3,3,39,1150.0,4850.0,0.253,0.0
DB01_to_DK06#alt3,3,40,1200.0,4850.0,0.2609,0.0
DB01_to_DK06#alt3,3,41,1250.0,4850.0,0.2636,0.0
DB01_to_DK06#alt3,3,42,1300.0,4850.0,0.2636,0.0
DB01_to_DK06#alt3,3,43,1350.0,4850.0,0.2636,0.0
DB01_to_DK06#alt3,3,44,1400.0,4850.0,0.2636,0.0
DB01_to_DK06#alt3,3,45,1450.0,4900.0,0.2252,0.0
DB01_to_DK06#alt3,3,46,1500.0,4900.0,0.2609,0.0
DB01_to_DK06#alt3,3,47,1550.0,4900.0,0.3006,0.0
DB01_to_DK06#alt3,3,48,1600.0,4900.0,0.344,0.0
DB01_to_DK06#alt3,3,49,1650.0,4900.0,0.3895,0.0
DB01_to_DK06#alt3,3,50,1700.0,4900.0,0.4346,0.0
DB01_to_DK06#alt3,3,51,1750.0,4900.0,0.4931,0.0
DB01_to_DK06#alt3,3,52,1800.0,4900.0,0.5483,0.0
DB01_to_DK06#alt3,3,53,1850.0,4900.0,0.6241,0.0
DB01_to_DK06#alt3,3,54,1900.0,4900.0,0.6889,0.0
DB01_to_DK06#alt3,3,55,1950.0,4950.0,0.6889,0.0
DB01_to_DK06#alt3,3,56,2000.0,4950.0,0.7165,0.0
DB01_to_DK06#alt3,3,57,2050.0,4950.0,0.7165,0.0
DB01_to_DK06#alt3,3,58,2100.0,4950.0,0.6889,0.0
DB01_to_DK06#alt3,3,59,2150.0,4950.0,0.6241,0.0
DB01_to_DK06#alt3,3,60,2200.0,4950.0,0.5903,0.0
DB01_to_DK06#alt3,3,61,2250.0,4950.0,0.5483,0.0
DB01_to_DK06#alt3,3,62,2300.0,4900.0,0.5483,0.0
DB01_to_DK06#alt3,3,63,2350.0,4900.0,0.4931,0.0
DB01_to_DK06#alt3,3,64,2400.0,4850.0,0.4746,0.0
DB01_to_DK06#alt3,3,65,2450.0,4850.0,0.4076,0.0
DB01_to_DK06#alt3,3,66,2500.0,4850.0,0.3485,0.0
DB01_to_DK06#alt3,3,67,2550.0,4800.0,0.3077,0.0
DB01_to_DK06#alt3,3,68,2600.0,4800.0,0.2609,0.0
DB01_to_DK06#alt3,3,69,2650.0,4750.0,0.2609,0.0
DB01_to_DK06#alt3,3,70,2700.0,4750.0,0.281,0.0
DB01_to_DK06#alt3,3,71,2750.0,4700.0,0.3485,0.0
DB01_to_DK06#alt3,3,72,2800.0,4700.0,0.3784,0.0
DB01_to_DK06#alt3,3,73,2850.0,4700.0,0.4076,0.0
DB01_to_DK06#alt3,3,74,2900.0,4650.0,0.503,0.0
DB01_to_DK06#alt3,3,75,2950.0,4650.0,0.5134,0.0
DB01_to_DK06#alt3,3,76,3000.0,4600.0,0.6065,0.0
DB01_to_DK06#alt3,3,77,3050.0,4600.0,0.6065,0.0
DB01_to_DK06#alt3,3,78,3100.0,4600.0,0.5903,0.0
DB01_to_DK06#alt3,3,79,3150.0,4550.0,0.6241,0.0
DB01_to_DK06#alt3,3,80,3200.0,4550.0,0.5903,0.0
DB01_to_DK06#alt3,3,81,3250.0,4500.0,0.6241,0.0
DB01_to_DK06#alt3,3,82,3300.0,4500.0,0.5483,0.0
DB01_to_DK06#alt3,3,83,3350.0,4500.0,0.4931,0.0
DB01_to_DK06#alt3,3,84,3400.0,4450.0,0.4746,0.0
DB01_to_DK06#alt3,3,85,3450.0,4450.0,0.4076,0.0
DB01_to_DK06#alt3,3,86,3500.0,4400.0,0.4346,0.0
DB01_to_DK06#alt3,3,87,3550.0,4400.0,0.4746,0.0
DB01_to_DK06#alt3,3,88,3600.0,4350.0,0.5903,0.0
DB01_to_DK06#alt3,3,89,3650.0,4350.0,0.6065,0.0
DB01_to_DK06#alt3,3,90,3700.0,4350.0,0.6065,0.0
DB01_to_DK06#alt3,3,91,3750.0,4300.0,0.7165,0.0
DB01_to_DK06#alt3,3,92,3800.0,4300.0,0.6889,0.0
DB01_to_DK06#alt3,3,93,3850.0,4250.0,0.6889,0.0
DB01_to_DK06#alt3,3,94,3900.0,4250.0,0.6241,0.0
DB01_to_DK06#alt3,3,95,3950.0,4250.0,0.5483,0.0
DB01_to_DK06#alt3,3,96,4000.0,4200.0,0.503,0.0
DB01_to_DK06#alt3,3,97,4050.0,4200.0,0.4275,0.0
DB01_to_DK06#alt3,3,98,4100.0,4150.0,0.3679,0.0
DB01_to_DK06#alt3,3,99,4150.0,4150.0,0.3114,0.0
DB01_to_DK06#alt3,3,100,4200.0,4100.0,0.3077,0.0
DB01_to_DK06#alt3,3,101,4250.0,4100.0,0.2721,0.0
DB01_to_DK06#alt3,3,102,4300.0,4100.0,0.2384,0.0
DB01_to_DK06#alt3,3,103,4350.0,4050.0,0.2252,0.0
DB01_to_DK06#alt3,3,104,4400.0,4050.0,0.1937,0.0
DB01_to_DK06#alt3,3,105,4450.0,4000.0,0.1755,0.0
DB01_to_DK06#alt3,3,106,4500.0,4000.0,0.1495,0.0
DB01_to_DK06#alt3,3,107,4500.0,3950.0,0.1551,0.0
DB01_to_DK06#alt3,3,108,4500.0,3900.0,0.1587,0.0
DB01_to_DK06#alt3,3,109,4500.0,3850.0,0.1599,0.0
DB01_to_DK06#alt3,3,110,4500.0,3800.0,0.1599,0.0
DB01_to_DK06#alt3,3,111,4500.0,3750.0,0.1648,0.0
DB01_to_DK06#alt3,3,112,4500.0,3700.0,0.1798,0.0
DB01_to_DK06#alt3,3,113,4500.0,3650.0,0.1937,0.0
DB01_to_DK06#alt3,3,114,4500.0,3600.0,0.2057,0.0
DB01_to_DK06#alt3,3,115,4500.0,3550.0,0.2151,0.0
DB01_to_DK06#alt3,3,116,4500.0,3500.0,0.2211,0.0
DB01_to_DK06#alt3,3,117,4500.0,3450.0,0.2231,0.0
DB01_to_DK06#alt3,3,118,4500.0,3400.0,0.2231,0.0
DB01_to_DK06#alt3,3,119,4500.0,3350.0,0.2211,0.0
DB01_to_DK06#alt3,3,120,4500.0,3300.0,0.2151,0.0
DB01_to_DK06#alt3,3,121,4500.0,3250.0,0.2431,0.0
DB01_to_DK06#alt3,3,122,4500.0,3200.0,0.2721,0.0
DB01_to_DK06#alt3,3,123,4500.0,3150.0,0.3077,0.0
DB01_to_DK06#alt3,3,124,4500.0,3100.0,0.344,0.0
DB01_to_DK06#alt3,3,125,4500.0,3050.0,0.3784,0.0
DB01_to_DK06#alt3,3,126,4500.0,3000.0,0.4076,0.0
DB01_to_DK06#alt3,3,127,4500.0,2950.0,0.4346,0.0
DB01_to_DK06#alt3,3,128,4500.0,2900.0,0.4746,0.0
DB01_to_DK06#alt3,3,129,4500.0,2850.0,0.503,0.0
DB01_to_DK06#alt3,3,130,4500.0,2800.0,0.5134,0.0
DB01_to_DK06#alt3,3,131,4500.0,2750.0,0.503,0.0
DB01_to_DK06#alt3,3,132,4500.0,2700.0,0.4746,0.0
DB01_to_DK06#alt3,3,133,4500.0,2650.0,0.4346,0.0
DB01_to_DK06#alt3,3,134,4550.0,2600.0,0.3485,0.0
DB01_to_DK06#alt3,3,135,4550.0,2550.0,0.3269,0.0
DB01_to_DK06#alt3,3,136,4550.0,2500.0,0.3006,0.0
DB01_to_DK06#alt3,3,137,4550.0,2450.0,0.2721,0.0
DB01_to_DK06#alt3,3,138,4550.0,2400.0,0.2431,0.0
DB01_to_DK06#alt3,3,139,4550.0,2350.0,0.2151,0.0
DB01_to_DK06#alt3,3,140,4550.0,2300.0,0.2057,0.0
DB01_to_DK06#alt3,3,141,4550.0,2250.0,0.2407,0.0
DB01_to_DK06#alt3,3,142,4550.0,2200.0,0.281,0.0
DB01_to_DK06#alt3,3,143,4550.0,2150.0,0.3269,0.0
DB01_to_DK06#alt3,3,144,4550.0,2100.0,0.3784,0.0
DB01_to_DK06#alt3,3,145,4550.0,2050.0,0.4346,0.0
DB01_to_DK06#alt3,3,146,4550.0,2000.0,0.4931,0.0
DB01_to_DK06#alt3,3,147,4550.0,1950.0,0.5483,0.0
DB01_to_DK06#alt3,3,148,4550.0,1900.0,0.6241,0.0
DB01_to_DK06#alt3,3,149,4550.0,1850.0,0.6889,0.0
DB01_to_DK06#alt3,3,150,4550.0,1800.0,0.7165,0.0
DB01_to_DK06#alt3,3,151,4550.0,1750.0,0.7165,0.0
DB01_to_DK06#alt3,3,152,4550.0,1700.0,0.6889,0.0
DB01_to_DK06#alt3,3,153,4550.0,1650.0,0.6241,0.0
DB01_to_DK06#alt3,3,154,4550.0,1600.0,0.5483,0.0
DB01_to_DK06#alt3,3,155,4550.0,1550.0,0.4931,0.0
DB01_to_DK06#alt3,3,156,4550.0,1500.0,0.4346,0.0
DB01_to_DK06#alt3,3,157,4550.0,1450.0,0.3784,0.0
DB01_to_DK06#alt3,3,158,4550.0,1400.0,0.3269,0.0
DB01_to_DK06#alt3,3,159,4550.0,1350.0,0.281,0.0
DB01_to_DK06#alt3,3,160,4550.0,1300.0,0.2407,0.0
DB01_to_DK06#alt3,3,161,4550.0,1250.0,0.2057,0.0
DB01_to_DK06#alt3,3,162,4500.0,1250.0,0.2151,0.0
DB01_to_DK06#alt3,3,163,4450.0,1250.0,0.2211,0.0
DB01_to_DK06#alt3,3,164,4400.0,1250.0,0.2231,0.0
DB01_to_DK06#alt3,3,165,4350.0,1250.0,0.2231,0.0
DB01_to_DK06#alt3,3,166,4300.0,1250.0,0.2231,0.0
DB01_to_DK06#alt3,3,167,4250.0,1250.0,0.2211,0.0
DB01_to_DK06#alt3,3,168,4200.0,1250.0,0.2151,0.0
DB01_to_DK06#alt3,3,169,4150.0,1250.0,0.2057,0.0
DB01_to_DK06#alt3,3,170,4100.0,1250.0,0.1937,0.0
DB01_to_DK06#alt3,3,171,4050.0,1200.0,0.1551,0.0
DB01_to_DK06#alt3,3,172,4000.0,1200.0,0.1648,0.0
DB01_to_DK06#alt3,3,173,3950.0,1200.0,0.1798,0.0
DB01_to_DK06#alt3,3,174,3900.0,1200.0,0.1937,0.0
DB01_to_DK06#alt3,3,175,3850.0,1200.0,0.2057,0.0
DB01_to_DK06#alt3,3,176,3800.0,1200.0,0.2151,0.0
DB01_to_DK06#alt3,3,177,3750.0,1200.0,0.2211,0.0
DB01_to_DK06#alt3,3,178,3700.0,1200.0,0.2231,0.0
DB01_to_DK06#alt3,3,179,3650.0,1200.0,0.2231,0.0
DB01_to_DK06#alt3,3,180,3600.0,1200.0,0.2211,0.0
DB01_to_DK06#alt4,4,0,1000.0,3900.0,0.7165,0.0
DB01_to_DK06#alt4,4,1,950.0,3900.0,0.6889,0.0
DB01_to_DK06#alt4,4,2,900.0,3850.0,0.6889,0.0
DB01_to_DK06#alt4,4,3,850.0,3850.0,0.6241,0.0
DB01_to_DK06#alt4,4,4,800.0,3800.0,0.5903,0.0
DB01_to_DK06#alt4,4,5,750.0,3800.0,0.503,0.0
DB01_to_DK06#alt4,4,6,700.0,3750.0,0.4746,0.0
DB01_to_DK06#alt4,4,7,650.0,3750.0,0.4076,0.0
DB01_to_DK06#alt4,4,8,600.0,3700.0,0.3628,0.0
DB01_to_DK06#alt4,4,9,550.0,3700.0,0.3077,0.0
DB01_to_DK06#alt4,4,10,500.0,3650.0,0.281,0.0
DB01_to_DK06#alt4,4,11,450.0,3650.0,0.2407,0.0
DB01_to_DK06#alt4,4,12,400.0,3600.0,0.2151,0.0
DB01_to_DK06#alt4,4,13,350.0,3600.0,0.1827,0.0
DB01_to_DK06#alt4,4,14,300.0,3550.0,0.1587,0.0
DB01_to_DK06#alt4,4,15,250.0,3550.0,0.1344,0.0
DB01_to_DK06#alt4,4,16,200.0,3500.0,0.1146,0.0
DB01_to_DK06#alt4,4,17,150.0,3500.0,0.097,0.0
DB01_to_DK06#alt4,4,18,100.0,3450.0,0.0816,0.0
DB01_to_DK06#alt4,4,19,50.0,3450.0,0.0691,0.0
DB01_to_DK06#alt4,4,20,50.0,3400.0,0.0681,0.0
DB01_to_DK06#alt4,4,21,100.0,3350.0,0.0781,0.0
DB01_to_DK06#alt4,4,22,100.0,3300.0,0.0752,0.0
DB01_to_DK06#alt4,4,23,150.0,3250.0,0.0839,0.0
DB01_to_DK06#alt4,4,24,150.0,3200.0,0.079,0.0
DB01_to_DK06#alt4,4,25,150.0,3150.0,0.0752,0.0
DB01_to_DK06#alt4,4,26,200.0,3100.0,0.0839,0.0
DB01_to_DK06#alt4,4,27,200.0,3050.0,0.079,0.0
DB01_to_DK06#alt4,4,28,250.0,3000.0,0.0854,0.0
DB01_to_DK06#alt4,4,29,250.0,2950.0,0.079,0.0
DB01_to_DK06#alt4,4,30,250.0,2900.0,0.0736,0.0
DB01_to_DK06#alt4,4,31,300.0,2850.0,0.0785,0.0
DB01_to_DK06#alt4,4,32,300.0,2800.0,0.0717,0.0
DB01_to_DK06#alt4,4,33,350.0,2750.0,0.074,0.0
DB01_to_DK06#alt4,4,34,350.0,2700.0,0.0663,0.0
DB01_to_DK06#alt4,4,35,350.0,2650.0,0.0591,0.0
DB01_to_DK06#alt4,4,36,400.0,2600.0,0.0591,0.0
DB01_to_DK06#alt4,4,37,400.0,2550.0,0.0524,0.0
DB01_to_DK06#alt4,4,38,450.0,2500.0,0.0514,0.0
DB01_to_DK06#alt4,4,39,450.0,2450.0,0.0514,0.0
DB01_to_DK06#alt4,4,40,500.0,2400.0,0.065,0.0
DB01_to_DK06#alt4,4,41,500.0,2350.0,0.074,0.0
DB01_to_DK06#alt4,4,42,500.0,2300.0,0.0839,0.0
DB01_to_DK06#alt4,4,43,550.0,2250.0,0.1062,0.0
DB01_to_DK06#alt4,4,44,550.0,2200.0,0.1199,0.0
DB01_to_DK06#alt4,4,45,600.0,2150.0,0.1517,0.0
DB01_to_DK06#alt4,4,46,600.0,2100.0,0.17,0.0
DB01_to_DK06#alt4,4,47,600.0,2050.0,0.1921,0.0
DB01_to_DK06#alt4,4,48,650.0,2000.0,0.2431,0.0
DB01_to_DK06#alt4,4,49,650.0,1950.0,0.2721,0.0
DB01_to_DK06#alt4,4,50,700.0,1900.0,0.344,0.0
DB01_to_DK06#alt4,4,51,700.0,1850.0,0.3895,0.0
DB01_to_DK06#alt4,4,52,700.0,1800.0,0.4346,0.0
DB01_to_DK06#alt4,4,53,750.0,1750.0,0.5483,0.0
DB01_to_DK06#alt4,4,54,750.0,1700.0,0.5903,0.0
DB01_to_DK06#alt4,4,55,800.0,1650.0,0.7165,0.0
DB01_to_DK06#alt4,4,56,800.0,1600.0,0.6889,0.0
DB01_to_DK06#alt4,4,57,800.0,1550.0,0.6241,0.0
DB01_to_DK06#alt4,4,58,850.0,1500.0,0.6889,0.0
DB01_to_DK06#alt4,4,59,850.0,1450.0,0.6241,0.0
DB01_to_DK06#alt4,4,60,900.0,1400.0,0.5903,0.0
DB01_to_DK06#alt4,4,61,900.0,1350.0,0.503,0.0
DB01_to_DK06#alt4,4,62,900.0,1300.0,0.4275,0.0
DB01_to_DK06#alt4,4,63,950.0,1250.0,0.3679,0.0
DB01_to_DK06#alt4,4,64,950.0,1200.0,0.3114,0.0
DB01_to_DK06#alt4,4,65,1000.0,1150.0,0.2636,0.0
DB01_to_DK06#alt4,4,66,1000.0,1100.0,0.2231,0.0
DB01_to_DK06#alt4,4,67,1000.0,1050.0,0.2384,0.0
DB01_to_DK06#alt4,4,68,1050.0,1000.0,0.2431,0.0
DB01_to_DK06#alt4,4,69,1050.0,950.0,0.2721,0.0
DB01_to_DK06#alt4,4,70,1100.0,900.0,0.2609,0.0
DB01_to_DK06#alt4,4,71,1100.0,850.0,0.281,0.0
DB01_to_DK06#alt4,4,72,1150.0,800.0,0.253,0.0
DB01_to_DK06#alt4,4,73,1150.0,750.0,0.2609,0.0
DB01_to_DK06#alt4,4,74,1150.0,700.0,0.2636,0.0
DB01_to_DK06#alt4,4,75,1200.0,650.0,0.2231,0.0
DB01_to_DK06#alt4,4,76,1200.0,600.0,0.2211,0.0
DB01_to_DK06#alt4,4,77,1250.0,550.0,0.1827,0.0
DB01_to_DK06#alt4,4,78,1250.0,500.0,0.1755,0.0
DB01_to_DK06#alt4,4,79,1250.0,450.0,0.1661,0.0
DB01_to_DK06#alt4,4,80,1300.0,400.0,0.1335,0.0
DB01_to_DK06#alt4,4,81,1300.0,350.0,0.1239,0.0
DB01_to_DK06#alt4,4,82,1350.0,300.0,0.0987,0.0
DB01_to_DK06#alt4,4,83,1350.0,250.0,0.0904,0.0
DB01_to_DK06#alt4,4,84,1400.0,250.0,0.0785,0.0
DB01_to_DK06#alt4,4,85,1450.0,300.0,0.0736,0.0
DB01_to_DK06#alt4,4,86,1500.0,300.0,0.0634,0.0
DB01_to_DK06#alt4,4,87,1550.0,350.0,0.058,0.0
DB01_to_DK06#alt4,4,88,1600.0,350.0,0.0496,0.0
DB01_to_DK06#alt4,4,89,1650.0,400.0,0.0444,0.0
DB01_to_DK06#alt4,4,90,1700.0,400.0,0.0378,0.0
DB01_to_DK06#alt4,4,91,1750.0,400.0,0.0322,0.0
DB01_to_DK06#alt4,4,92,1800.0,450.0,0.0284,0.0
DB01_to_DK06#alt4,4,93,1850.0,450.0,0.0241,0.0
DB01_to_DK06#alt4,4,94,1900.0,500.0,0.0209,0.0
DB01_to_DK06#alt4,4,95,1950.0,500.0,0.0204,0.0
DB01_to_DK06#alt4,4,96,2000.0,500.0,0.023,0.0
DB01_to_DK06#alt4,4,97,2050.0,550.0,0.0291,0.0
DB01_to_DK06#alt4,4,98,2100.0,550.0,0.0327,0.0
DB01_to_DK06#alt4,4,99,2150.0,600.0,0.0414,0.0
DB01_to_DK06#alt4,4,100,2200.0,600.0,0.0467,0.0
DB01_to_DK06#alt4,4,101,2250.0,650.0,0.0591,0.0
DB01_to_DK06#alt4,4,102,2300.0,650.0,0.0663,0.0
DB01_to_DK06#alt4,4,103,2350.0,650.0,0.074,0.0
DB01_to_DK06#alt4,4,104,2400.0,700.0,0.0936,0.0
DB01_to_DK06#alt4,4,105,2450.0,700.0,0.1036,0.0
DB01_to_DK06#alt4,4,106,2500.0,750.0,0.1308,0.0
DB01_to_DK06#alt4,4,107,2550.0,750.0,0.1432,0.0
DB01_to_DK06#alt4,4,108,2600.0,800.0,0.1798,0.0
DB01_to_DK06#alt4,4,109,2650.0,800.0,0.1937,0.0
DB01_to_DK06#alt4,4,110,2700.0,800.0,0.2057,0.0
DB01_to_DK06#alt4,4,111,2750.0,850.0,0.253,0.0
DB01_to_DK06#alt4,4,112,2800.0,850.0,0.2609,0.0
DB01_to_DK06#alt4,4,113,2850.0,900.0,0.3114,0.0
DB01_to_DK06#alt4,4,114,2900.0,900.0,0.3114,0.0
DB01_to_DK06#alt4,4,115,2950.0,950.0,0.3628,0.0
DB01_to_DK06#alt4,4,116,3000.0,950.0,0.3485,0.0
DB01_to_DK06#alt4,4,117,3050.0,950.0,0.3269,0.0
DB01_to_DK06#alt4,4,118,3100.0,1000.0,0.344,0.0
DB01_to_DK06#alt4,4,119,3150.0,1000.0,0.3077,0.0
DB01_to_DK06#alt4,4,120,3200.0,1050.0,0.3077,0.0
DB01_to_DK06#alt4,4,121,3250.0,1050.0,0.2721,0.0
DB01_to_DK06#alt4,4,122,3300.0,1050.0,0.2384,0.0
DB01_to_DK06#alt4,4,123,3350.0,1100.0,0.2252,0.0
DB01_to_DK06#alt4,4,124,3400.0,1100.0,0.2407,0.0
DB01_to_DK06#alt4,4,125,3450.0,1150.0,0.2252,0.0
DB01_to_DK06#alt4,4,126,3500.0,1150.0,0.2407,0.0
DB01_to_DK06#alt4,4,127,3550.0,1200.0,0.2151,0.0
DB01_to_DK06#alt4,4,128,3600.0,1200.0,0.2211,0.0
DB01_to_DK06#alt5,5,0,1000.0,3900.0,0.7165,0.0
DB01_to_DK06#alt5,5,1,1050.0,3950.0,0.6889,0.0
DB01_to_DK06#alt5,5,2,1100.0,3950.0,0.7165,0.0
DB01_to_DK06#alt5,5,3,1150.0,4000.0,0.6241,0.0
DB01_to_DK06#alt5,5,4,1200.0,4000.0,0.6889,0.0
DB01_to_DK06#alt5,5,5,1250.0,4050.0,0.6889,0.0
DB01_to_DK06#alt5,5,6,1300.0,4050.0,0.7165,0.0
DB01_to_DK06#alt5,5,7,1350.0,4000.0,0.6241,0.0
DB01_to_DK06#alt5,5,8,1400.0,4000.0,0.6065,0.0
DB01_to_DK06#alt5,5,9,1450.0,4000.0,0.6241,0.0
DB01_to_DK06#alt5,5,10,1500.0,3950.0,0.6241,0.0
DB01_to_DK06#alt5,5,11,1550.0,3950.0,0.6889,0.0
DB01_to_DK06#alt5,5,12,1600.0,3900.0,0.6889,0.0
DB01_to_DK06#alt5,5,13,1650.0,3900.0,0.7165,0.0
DB01_to_DK06#alt5,5,14,1700.0,3900.0,0.7165,0.0
DB01_to_DK06#alt5,5,15,1750.0,3900.0,0.7165,0.0
DB01_to_DK06#alt5,5,16,1800.0,3900.0,0.6889,0.0
DB01_to_DK06#alt5,5,17,1850.0,3950.0,0.7165,0.0
DB01_to_DK06#alt5,5,18,1900.0,3950.0,0.6889,0.0
DB01_to_DK06#alt5,5,19,1950.0,4000.0,0.6889,0.0
DB01_to_DK06#alt5,5,20,2000.0,4050.0,0.6889,0.0
DB01_to_DK06#alt5,5,21,2050.0,4100.0,0.6065,0.0
DB01_to_DK06#alt5,5,22,2100.0,4100.0,0.5134,0.0
DB01_to_DK06#alt5,5,23,2150.0,4150.0,0.4346,0.0
DB01_to_DK06#alt5,5,24,2200.0,4200.0,0.3679,0.0
DB01_to_DK06#alt5,5,25,2250.0,4200.0,0.3269,0.0
DB01_to_DK06#alt5,5,26,2300.0,4250.0,0.344,0.0
DB01_to_DK06#alt5,5,27,2350.0,4250.0,0.3077,0.0
DB01_to_DK06#alt5,5,28,2400.0,4300.0,0.3077,0.0
DB01_to_DK06#alt5,5,29,2450.0,4300.0,0.3628,0.0
DB01_to_DK06#alt5,5,30,2500.0,4350.0,0.4076,0.0
DB01_to_DK06#alt5,5,31,2550.0,4350.0,0.4746,0.0
DB01_to_DK06#alt5,5,32,2600.0,4400.0,0.503,0.0
DB01_to_DK06#alt5,5,33,2650.0,4400.0,0.5903,0.0
DB01_to_DK06#alt5,5,34,2700.0,4450.0,0.6241,0.0
DB01_to_DK06#alt5,5,35,2750.0,4450.0,0.6889,0.0
DB01_to_DK06#alt5,5,36,2800.0,4500.0,0.6889,0.0
DB01_to_DK06#alt5,5,37,2850.0,4500.0,0.7165,0.0
DB01_to_DK06#alt5,5,38,2900.0,4550.0,0.6889,0.0
DB01_to_DK06#alt5,5,39,2950.0,4550.0,0.7165,0.0
DB01_to_DK06#alt5,5,40,3000.0,4600.0,0.6065,0.0
DB01_to_DK06#alt5,5,41,3050.0,4600.0,0.6065,0.0
DB01_to_DK06#alt5,5,42,3100.0,4650.0,0.503,0.0
DB01_to_DK06#alt5,5,43,3150.0,4650.0,0.4746,0.0
DB01_to_DK06#alt5,5,44,3200.0,4700.0,0.3784,0.0
DB01_to_DK06#alt5,5,45,3250.0,4700.0,0.3485,0.0
DB01_to_DK06#alt5,5,46,3300.0,4750.0,0.281,0.0
DB01_to_DK06#alt5,5,47,3350.0,4750.0,0.2609,0.0
DB01_to_DK06#alt5,5,48,3400.0,4800.0,0.2076,0.0
DB01_to_DK06#alt5,5,49,3450.0,4750.0,0.2151,0.0
DB01_to_DK06#alt5,5,50,3500.0,4700.0,0.2211,0.0
DB01_to_DK06#alt5,5,51,3500.0,4650.0,0.2431,0.0
DB01_to_DK06#alt5,5,52,3550.0,4600.0,0.253,0.0
DB01_to_DK06#alt5,5,53,3600.0,4550.0,0.3077,0.0
DB01_to_DK06#alt5,5,54,3650.0,4500.0,0.3679,0.0
DB01_to_DK06#alt5,5,55,3700.0,4450.0,0.4346,0.0
DB01_to_DK06#alt5,5,56,3700.0,4400.0,0.5134,0.0
DB01_to_DK06#alt5,5,57,3750.0,4350.0,0.6065,0.0
DB01_to_DK06#alt5,5,58,3800.0,4300.0,0.6889,0.0
DB01_to_DK06#alt5,5,59,3850.0,4250.0,0.6889,0.0
DB01_to_DK06#alt5,5,60,3900.0,4200.0,0.6889,0.0
DB01_to_DK06#alt5,5,61,3900.0,4150.0,0.7165,0.0
DB01_to_DK06#alt5,5,62,3950.0,4100.0,0.6065,0.0
DB01_to_DK06#alt5,5,63,4000.0,4050.0,0.5483,0.0
DB01_to_DK06#alt5,5,64,4050.0,4000.0,0.5483,0.0
DB01_to_DK06#alt5,5,65,4100.0,3950.0,0.5483,0.0
DB01_to_DK06#alt5,5,66,4100.0,3900.0,0.5903,0.0
DB01_to_DK06#alt5,5,67,4150.0,3850.0,0.5134,0.0
DB01_to_DK06#alt5,5,68,4200.0,3800.0,0.4346,0.0
DB01_to_DK06#alt5,5,69,4250.0,3750.0,0.3679,0.0
DB01_to_DK06#alt5,5,70,4250.0,3700.0,0.3679,0.0
DB01_to_DK06#alt5,5,71,4300.0,3650.0,0.344,0.0
DB01_to_DK06#alt5,5,72,4350.0,3600.0,0.3269,0.0
DB01_to_DK06#alt5,5,73,4400.0,3550.0,0.2972,0.0
DB01_to_DK06#alt5,5,74,4450.0,3500.0,0.2609,0.0
DB01_to_DK06#alt5,5,75,4450.0,3450.0,0.2636,0.0
DB01_to_DK06#alt5,5,76,4500.0,3400.0,0.2231,0.0
DB01_to_DK06#alt5,5,77,4550.0,3350.0,0.1873,0.0
DB01_to_DK06#alt5,5,78,4600.0,3300.0,0.17,0.0
DB01_to_DK06#alt5,5,79,4650.0,3250.0,0.17,0.0
DB01_to_DK06#alt5,5,80,4650.0,3200.0,0.1889,0.0
DB01_to_DK06#alt5,5,81,4700.0,3150.0,0.1798,0.0
DB01_to_DK06#alt5,5,82,4750.0,3100.0,0.1661,0.0
DB01_to_DK06#alt5,5,83,4800.0,3050.0,0.1551,0.0
DB01_to_DK06#alt5,5,84,4850.0,3000.0,0.1422,0.0
DB01_to_DK06#alt5,5,85,4850.0,2950.0,0.1495,0.0
DB01_to_DK06#alt5,5,86,4900.0,2900.0,0.1317,0.0
DB01_to_DK06#alt5,5,87,4950.0,2850.0,0.1138,0.0
DB01_to_DK06#alt5,5,88,4950.0,2800.0,0.1146,0.0
DB01_to_DK06#alt5,5,89,4900.0,2750.0,0.1344,0.0
DB01_to_DK06#alt5,5,90,4900.0,2700.0,0.1317,0.0
DB01_to_DK06#alt5,5,91,4900.0,2650.0,0.1273,0.0
DB01_to_DK06#alt5,5,92,4850.0,2600.0,0.1422,0.0
DB01_to_DK06#alt5,5,93,4850.0,2550.0,0.1335,0.0
DB01_to_DK06#alt5,5,94,4850.0,2500.0,0.1239,0.0
DB01_to_DK06#alt5,5,95,4800.0,2450.0,0.1335,0.0
DB01_to_DK06#alt5,5,96,4800.0,2400.0,0.1239,0.0
DB01_to_DK06#alt5,5,97,4750.0,2350.0,0.1308,0.0
DB01_to_DK06#alt5,5,98,4750.0,2300.0,0.1495,0.0
DB01_to_DK06#alt5,5,99,4750.0,2250.0,0.17,0.0
DB01_to_DK06#alt5,5,100,4700.0,2200.0,0.2151,0.0
DB01_to_DK06#alt5,5,101,4700.0,2150.0,0.2431,0.0
DB01_to_DK06#alt5,5,102,4700.0,2100.0,0.2721,0.0
DB01_to_DK06#alt5,5,103,4650.0,2050.0,0.344,0.0
DB01_to_DK06#alt5,5,104,4650.0,2000.0,0.3895,0.0
DB01_to_DK06#alt5,5,105,4650.0,1950.0,0.4346,0.0
DB01_to_DK06#alt5,5,106,4600.0,1900.0,0.5483,0.0
DB01_to_DK06#alt5,5,107,4600.0,1850.0,0.5903,0.0
DB01_to_DK06#alt5,5,108,4600.0,1800.0,0.6065,0.0
DB01_to_DK06#alt5,5,109,4550.0,1750.0,0.7165,0.0
DB01_to_DK06#alt5,5,110,4550.0,1700.0,0.6889,0.0
DB01_to_DK06#alt5,5,111,4550.0,1650.0,0.6241,0.0
DB01_to_DK06#alt5,5,112,4500.0,1600.0,0.6241,0.0
DB01_to_DK06#alt5,5,113,4500.0,1550.0,0.5483,0.0
DB01_to_DK06#alt5,5,114,4450.0,1500.0,0.503,0.0
DB01_to_DK06#alt5,5,115,4450.0,1450.0,0.4275,0.0
DB01_to_DK06#alt5,5,116,4450.0,1400.0,0.3628,0.0
DB01_to_DK06#alt5,5,117,4400.0,1350.0,0.3114,0.0
DB01_to_DK06#alt5,5,118,4400.0,1300.0,0.2636,0.0
DB01_to_DK06#alt5,5,119,4400.0,1250.0,0.2231,0.0
DB01_to_DK06#alt5,5,120,4350.0,1200.0,0.1889,0.0
DB01_to_DK06#alt5,5,121,4350.0,1150.0,0.1599,0.0
DB01_to_DK06#alt5,5,122,4300.0,1150.0,0.1599,0.0
DB01_to_DK06#alt5,5,123,4250.0,1150.0,0.1599,0.0
DB01_to_DK06#alt5,5,124,4200.0,1150.0,0.1599,0.0
DB01_to_DK06#alt5,5,125,4150.0,1150.0,0.1587,0.0
DB01_to_DK06#alt5,5,126,4100.0,1150.0,0.1551,0.0
DB01_to_DK06#alt5,5,127,4050.0,1150.0,0.17,0.0
DB01_to_DK06#alt5,5,128,4000.0,1150.0,0.1889,0.0
DB01_to_DK06#alt5,5,129,3950.0,1200.0,0.1798,0.0
DB01_to_DK06#alt5,5,130,3900.0,1200.0,0.1937,0.0
DB01_to_DK06#alt5,5,131,3850.0,1200.0,0.2057,0.0
DB01_to_DK06#alt5,5,132,3800.0,1200.0,0.2151,0.0
DB01_to_DK06#alt5,5,133,3750.0,1200.0,0.2211,0.0
DB01_to_DK06#alt5,5,134,3700.0,1200.0,0.2231,0.0
DB01_to_DK06#alt5,5,135,3650.0,1200.0,0.2231,0.0
DB01_to_DK06#alt5,5,136,3600.0,1200.0,0.2211,0.0
DB01_to_DK06#alt6,6,0,1000.0,3900.0,0.7165,0.0
DB01_to_DK06#alt6,6,1,950.0,3900.0,0.6889,0.0
DB01_to_DK06#alt6,6,2,900.0,3850.0,0.6889,0.0
DB01_to_DK06#alt6,6,3,850.0,3850.0,0.6241,0.0
DB01_to_DK06#alt6,6,4,800.0,3800.0,0.5903,0.0
DB01_to_DK06#alt6,6,5,750.0,3800.0,0.503,0.0
DB01_to_DK06#alt6,6,6,700.0,3750.0,0.4746,0.0
DB01_to_DK06#alt6,6,7,650.0,3750.0,0.4076,0.0
DB01_to_DK06#alt6,6,8,600.0,3700.0,0.3628,0.0
DB01_to_DK06#alt6,6,9,550.0,3700.0,0.3077,0.0
DB01_to_DK06#alt6,6,10,500.0,3650.0,0.281,0.0
DB01_to_DK06#alt6,6,11,450.0,3650.0,0.2407,0.0
DB01_to_DK06#alt6,6,12,400.0,3600.0,0.2151,0.0
DB01_to_DK06#alt6,6,13,350.0,3600.0,0.1827,0.0
DB01_to_DK06#alt6,6,14,300.0,3550.0,0.1587,0.0
DB01_to_DK06#alt6,6,15,250.0,3550.0,0.1344,0.0
DB01_to_DK06#alt6,6,16,200.0,3500.0,0.1146,0.0
DB01_to_DK06#alt6,6,17,150.0,3500.0,0.097,0.0
DB01_to_DK06#alt6,6,18,100.0,3450.0,0.0816,0.0
DB01_to_DK06#alt6,6,19,50.0,3450.0,0.0691,0.0
DB01_to_DK06#alt6,6,20,50.0,3400.0,0.0681,0.0
DB01_to_DK06#alt6,6,21,100.0,3350.0,0.0781,0.0
DB01_to_DK06#alt6,6,22,100.0,3300.0,0.0752,0.0
DB01_to_DK06#alt6,6,23,150.0,3250.0,0.0839,0.0
DB01_to_DK06#alt6,6,24,150.0,3200.0,0.079,0.0
DB01_to_DK06#alt6,6,25,150.0,3150.0,0.0752,0.0
DB01_to_DK06#alt6,6,26,200.0,3100.0,0.0839,0.0
DB01_to_DK06#alt6,6,27,200.0,3050.0,0.079,0.0
DB01_to_DK06#alt6,6,28,250.0,3000.0,0.0854,0.0
DB01_to_DK06#alt6,6,29,250.0,2950.0,0.079,0.0
DB01_to_DK06#alt6,6,30,250.0,2900.0,0.0736,0.0
DB01_to_DK06#alt6,6,31,300.0,2850.0,0.0785,0.0
DB01_to_DK06#alt6,6,32,300.0,2800.0,0.0717,0.0
DB01_to_DK06#alt6,6,33,350.0,2750.0,0.074,0.0
DB01_to_DK06#alt6,6,34,350.0,2700.0,0.0663,0.0
DB01_to_DK06#alt6,6,35,400.0,2650.0,0.0663,0.0
DB01_to_DK06#alt6,6,36,400.0,2600.0,0.0591,0.0
DB01_to_DK06#alt6,6,37,400.0,2550.0,0.0524,0.0
DB01_to_DK06#alt6,6,38,450.0,2500.0,0.0514,0.0
DB01_to_DK06#alt6,6,39,450.0,2450.0,0.0514,0.0
DB01_to_DK06#alt6,6,40,500.0,2400.0,0.065,0.0
DB01_to_DK06#alt6,6,41,500.0,2350.0,0.074,0.0
DB01_to_DK06#alt6,6,42,500.0,2300.0,0.0839,0.0
DB01_to_DK06#alt6,6,43,550.0,2250.0,0.1062,0.0
DB01_to_DK06#alt6,6,44,550.0,2200.0,0.1199,0.0
DB01_to_DK06#alt6,6,45,600.0,2150.0,0.1517,0.0
DB01_to_DK06#alt6,6,46,600.0,2100.0,0.17,0.0
DB01_to_DK06#alt6,6,47,600.0,2050.0,0.1921,0.0
DB01_to_DK06#alt6,6,48,650.0,2000.0,0.2431,0.0
DB01_to_DK06#alt6,6,49,650.0,1950.0,0.2721,0.0
DB01_to_DK06#alt6,6,50,700.0,1900.0,0.344,0.0
DB01_to_DK06#alt6,6,51,700.0,1850.0,0.3895,0.0
DB01_to_DK06#alt6,6,52,700.0,1800.0,0.4346,0.0
DB01_to_DK06#alt6,6,53,750.0,1750.0,0.5483,0.0
DB01_to_DK06#alt6,6,54,750.0,1700.0,0.5903,0.0
DB01_to_DK06#alt6,6,55,800.0,1650.0,0.7165,0.0
DB01_to_DK06#alt6,6,56,800.0,1600.0,0.6889,0.0
DB01_to_DK06#alt6,6,57,850.0,1550.0,0.7165,0.0
DB01_to_DK06#alt6,6,58,850.0,1500.0,0.6889,0.0
DB01_to_DK06#alt6,6,59,850.0,1450.0,0.6241,0.0
DB01_to_DK06#alt6,6,60,900.0,1400.0,0.5903,0.0
DB01_to_DK06#alt6,6,61,900.0,1350.0,0.503,0.0
DB01_to_DK06#alt6,6,62,950.0,1300.0,0.4346,0.0
DB01_to_DK06#alt6,6,63,950.0,1250.0,0.3679,0.0
DB01_to_DK06#alt6,6,64,950.0,1200.0,0.3114,0.0
DB01_to_DK06#alt6,6,65,1000.0,1150.0,0.2636,0.0
DB01_to_DK06#alt6,6,66,1000.0,1100.0,0.2231,0.0
DB01_to_DK06#alt6,6,67,1050.0,1050.0,0.2151,0.0
DB01_to_DK06#alt6,6,68,1050.0,1000.0,0.2431,0.0
DB01_to_DK06#alt6,6,69,1050.0,950.0,0.2721,0.0
DB01_to_DK06#alt6,6,70,1100.0,900.0,0.2609,0.0
DB01_to_DK06#alt6,6,71,1100.0,850.0,0.281,0.0
DB01_to_DK06#alt6,6,72,1150.0,800.0,0.253,0.0
DB01_to_DK06#alt6,6,73,1150.0,750.0,0.2609,0.0
DB01_to_DK06#alt6,6,74,1150.0,700.0,0.2636,0.0
DB01_to_DK06#alt6,6,75,1200.0,650.0,0.2231,0.0
DB01_to_DK06#alt6,6,76,1200.0,600.0,0.2211,0.0
DB01_to_DK06#alt6,6,77,1250.0,550.0,0.1827,0.0
DB01_to_DK06#alt6,6,78,1250.0,500.0,0.1755,0.0
DB01_to_DK06#alt6,6,79,1300.0,450.0,0.1422,0.0
DB01_to_DK06#alt6,6,80,1300.0,400.0,0.1335,0.0
DB01_to_DK06#alt6,6,81,1300.0,350.0,0.1239,0.0
DB01_to_DK06#alt6,6,82,1350.0,300.0,0.0987,0.0
DB01_to_DK06#alt6,6,83,1350.0,250.0,0.0904,0.0
DB01_to_DK06#alt6,6,84,1400.0,200.0,0.0717,0.0
DB01_to_DK06#alt6,6,85,1400.0,150.0,0.065,0.0
DB01_to_DK06#alt6,6,86,1450.0,150.0,0.0568,0.0
DB01_to_DK06#alt6,6,87,1500.0,200.0,0.0542,0.0
DB01_to_DK06#alt6,6,88,1550.0,200.0,0.0469,0.0
DB01_to_DK06#alt6,6,89,1600.0,250.0,0.0437,0.0
DB01_to_DK06#alt6,6,90,1650.0,250.0,0.0375,0.0
DB01_to_DK06#alt6,6,91,1700.0,300.0,0.0342,0.0
DB01_to_DK06#alt6,6,92,1750.0,300.0,0.0293,0.0
DB01_to_DK06#alt6,6,93,1800.0,350.0,0.0263,0.0
DB01_to_DK06#alt6,6,94,1850.0,350.0,0.0224,0.0
DB01_to_DK06#alt6,6,95,1900.0,400.0,0.0198,0.0
DB01_to_DK06#alt6,6,96,1950.0,400.0,0.0168,0.0
DB01_to_DK06#alt6,6,97,2000.0,450.0,0.0204,0.0
DB01_to_DK06#alt6,6,98,2050.0,450.0,0.023,0.0
DB01_to_DK06#alt6,6,99,2100.0,500.0,0.0291,0.0
DB01_to_DK06#alt6,6,100,2150.0,500.0,0.0327,0.0
DB01_to_DK06#alt6,6,101,2200.0,550.0,0.0414,0.0
DB01_to_DK06#alt6,6,102,2250.0,550.0,0.0463,0.0
DB01_to_DK06#alt6,6,103,2300.0,600.0,0.0585,0.0
DB01_to_DK06#alt6,6,104,2350.0,600.0,0.065,0.0
DB01_to_DK06#alt6,6,105,2400.0,650.0,0.0821,0.0
DB01_to_DK06#alt6,6,106,2450.0,650.0,0.0904,0.0
DB01_to_DK06#alt6,6,107,2500.0,650.0,0.0987,0.0
DB01_to_DK06#alt6,6,108,2550.0,700.0,0.1239,0.0
DB01_to_DK06#alt6,6,109,2600.0,700.0,0.1335,0.0
DB01_to_DK06#alt6,6,110,2650.0,750.0,0.1661,0.0
DB01_to_DK06#alt6,6,111,2700.0,750.0,0.1755,0.0
DB01_to_DK06#alt6,6,112,2750.0,800.0,0.2151,0.0
DB01_to_DK06#alt6,6,113,2800.0,800.0,0.2211,0.0
DB01_to_DK06#alt6,6,114,2850.0,850.0,0.2636,0.0
DB01_to_DK06#alt6,6,115,2900.0,850.0,0.2636,0.0
DB01_to_DK06#alt6,6,116,2950.0,900.0,0.3077,0.0
DB01_to_DK06#alt6,6,117,3000.0,900.0,0.2972,0.0
DB01_to_DK06#alt6,6,118,3050.0,950.0,0.3269,0.0
DB01_to_DK06#alt6,6,119,3100.0,950.0,0.3006,0.0
DB01_to_DK06#alt6,6,120,3150.0,1000.0,0.3077,0.0
DB01_to_DK06#alt6,6,121,3200.0,1000.0,0.2721,0.0
DB01_to_DK06#alt6,6,122,3250.0,1050.0,0.2721,0.0
DB01_to_DK06#alt6,6,123,3300.0,1050.0,0.2384,0.0
DB01_to_DK06#alt6,6,124,3350.0,1100.0,0.2252,0.0
DB01_to_DK06#alt6,6,125,3400.0,1100.0,0.2407,0.0
DB01_to_DK06#alt6,6,126,3450.0,1150.0,0.2252,0.0
DB01_to_DK06#alt6,6,127,3500.0,1150.0,0.2407,0.0
DB01_to_DK06#alt6,6,128,3550.0,1200.0,0.2151,0.0
DB01_to_DK06#alt6,6,129,3600.0,1200.0,0.2211,0.0
DB01_to_DK06#alt7,7,0,1000.0,3900.0,0.7165,0.0
DB01_to_DK06#alt7,7,1,950.0,3900.0,0.6889,0.0
DB01_to_DK06#alt7,7,2,900.0,3850.0,0.6889,0.0
DB01_to_DK06#alt7,7,3,850.0,3850.0,0.6241,0.0
DB01_to_DK06#alt7,7,4,800.0,3800.0,0.5903,0.0
DB01_to_DK06#alt7,7,5,750.0,3800.0,0.503,0.0
DB01_to_DK06#alt7,7,6,700.0,3750.0,0.4746,0.0
DB01_to_DK06#alt7,7,7,650.0,3750.0,0.4076,0.0
DB01_to_DK06#alt7,7,8,600.0,3700.0,0.3628,0.0
DB01_to_DK06#alt7,7,9,550.0,3700.0,0.3077,0.0
DB01_to_DK06#alt7,7,10,500.0,3650.0,0.281,0.0
DB01_to_DK06#alt7,7,11,450.0,3650.0,0.2407,0.0
DB01_to_DK06#alt7,7,12,400.0,3600.0,0.2151,0.0
DB01_to_DK06#alt7,7,13,350.0,3600.0,0.1827,0.0
DB01_to_DK06#alt7,7,14,300.0,3550.0,0.1587,0.0
DB01_to_DK06#alt7,7,15,250.0,3550.0,0.1344,0.0
DB01_to_DK06#alt7,7,16,200.0,3500.0,0.1146,0.0
DB01_to_DK06#alt7,7,17,150.0,3500.0,0.097,0.0
DB01_to_DK06#alt7,7,18,100.0,3450.0,0.0816,0.0
DB01_to_DK06#alt7,7,19,50.0,3450.0,0.0691,0.0
DB01_to_DK06#alt7,7,20,50.0,3400.0,0.0681,0.0
DB01_to_DK06#alt7,7,21,100.0,3350.0,0.0781,0.0
DB01_to_DK06#alt7,7,22,100.0,3300.0,0.0752,0.0
DB01_to_DK06#alt7,7,23,150.0,3250.0,0.0839,0.0
DB01_to_DK06#alt7,7,24,150.0,3200.0,0.079,0.0
DB01_to_DK06#alt7,7,25,150.0,3150.0,0.0752,0.0
DB01_to_DK06#alt7,7,26,200.0,3100.0,0.0839,0.0
DB01_to_DK06#alt7,7,27,200.0,3050.0,0.079,0.0
DB01_to_DK06#alt7,7,28,250.0,3000.0,0.0854,0.0
DB01_to_DK06#alt7,7,29,250.0,2950.0,0.079,0.0
DB01_to_DK06#alt7,7,30,300.0,2900.0,0.0854,0.0
DB01_to_DK06#alt7,7,31,300.0,2850.0,0.0785,0.0
DB01_to_DK06#alt7,7,32,300.0,2800.0,0.0717,0.0
DB01_to_DK06#alt7,7,33,350.0,2750.0,0.074,0.0
DB01_to_DK06#alt7,7,34,350.0,2700.0,0.0663,0.0
DB01_to_DK06#alt7,7,35,400.0,2650.0,0.0663,0.0
DB01_to_DK06#alt7,7,36,400.0,2600.0,0.0591,0.0
DB01_to_DK06#alt7,7,37,400.0,2550.0,0.0524,0.0
DB01_to_DK06#alt7,7,38,450.0,2500.0,0.0514,0.0
DB01_to_DK06#alt7,7,39,450.0,2450.0,0.0514,0.0
DB01_to_DK06#alt7,7,40,500.0,2400.0,0.065,0.0
DB01_to_DK06#alt7,7,41,500.0,2350.0,0.074,0.0
DB01_to_DK06#alt7,7,42,500.0,2300.0,0.0839,0.0
DB01_to_DK06#alt7,7,43,550.0,2250.0,0.1062,0.0
DB01_to_DK06#alt7,7,44,550.0,2200.0,0.1199,0.0
DB01_to_DK06#alt7,7,45,600.0,2150.0,0.1517,0.0
DB01_to_DK06#alt7,7,46,600.0,2100.0,0.17,0.0
DB01_to_DK06#alt7,7,47,650.0,2050.0,0.2151,0.0
DB01_to_DK06#alt7,7,48,650.0,2000.0,0.2431,0.0
DB01_to_DK06#alt7,7,49,650.0,1950.0,0.2721,0.0
DB01_to_DK06#alt7,7,50,700.0,1900.0,0.344,0.0
DB01_to_DK06#alt7,7,51,700.0,1850.0,0.3895,0.0
DB01_to_DK06#alt7,7,52,750.0,1800.0,0.4931,0.0
DB01_to_DK06#alt7,7,53,750.0,1750.0,0.5483,0.0
DB01_to_DK06#alt7,7,54,750.0,1700.0,0.5903,0.0
DB01_to_DK06#alt7,7,55,800.0,1650.0,0.7165,0.0
DB01_to_DK06#alt7,7,56,800.0,1600.0,0.6889,0.0
DB01_to_DK06#alt7,7,57,850.0,1550.0,0.7165,0.0
DB01_to_DK06#alt7,7,58,850.0,1500.0,0.6889,0.0
DB01_to_DK06#alt7,7,59,850.0,1450.0,0.6241,0.0
DB01_to_DK06#alt7,7,60,900.0,1400.0,0.5903,0.0
DB01_to_DK06#alt7,7,61,900.0,1350.0,0.503,0.0
DB01_to_DK06#alt7,7,62,950.0,1300.0,0.4346,0.0
DB01_to_DK06#alt7,7,63,950.0,1250.0,0.3679,0.0
DB01_to_DK06#alt7,7,64,1000.0,1200.0,0.3114,0.0
DB01_to_DK06#alt7,7,65,1000.0,1150.0,0.2636,0.0
DB01_to_DK06#alt7,7,66,1000.0,1100.0,0.2231,0.0
DB01_to_DK06#alt7,7,67,1050.0,1050.0,0.2151,0.0
DB01_to_DK06#alt7,7,68,1050.0,1000.0,0.2431,0.0
DB01_to_DK06#alt7,7,69,1100.0,950.0,0.2384,0.0
DB01_to_DK06#alt7,7,70,1100.0,900.0,0.2609,0.0
DB01_to_DK06#alt7,7,71,1100.0,850.0,0.281,0.0
DB01_to_DK06#alt7,7,72,1150.0,800.0,0.253,0.0
DB01_to_DK06#alt7,7,73,1150.0,750.0,0.2609,0.0
DB01_to_DK06#alt7,7,74,1200.0,700.0,0.2231,0.0
DB01_to_DK06#alt7,7,75,1200.0,650.0,0.2231,0.0
DB01_to_DK06#alt7,7,76,1200.0,600.0,0.2211,0.0
DB01_to_DK06#alt7,7,77,1250.0,550.0,0.1827,0.0
DB01_to_DK06#alt7,7,78,1250.0,500.0,0.1755,0.0
DB01_to_DK06#alt7,7,79,1300.0,450.0,0.1422,0.0
DB01_to_DK06#alt7,7,80,1300.0,400.0,0.1335,0.0
DB01_to_DK06#alt7,7,81,1350.0,350.0,0.1069,0.0
DB01_to_DK06#alt7,7,82,1350.0,300.0,0.0987,0.0
DB01_to_DK06#alt7,7,83,1350.0,250.0,0.0904,0.0
DB01_to_DK06#alt7,7,84,1400.0,200.0,0.0717,0.0
DB01_to_DK06#alt7,7,85,1400.0,150.0,0.065,0.0
DB01_to_DK06#alt7,7,86,1450.0,100.0,0.0514,0.0
DB01_to_DK06#alt7,7,87,1450.0,50.0,0.0467,0.0
DB01_to_DK06#alt7,7,88,1500.0,100.0,0.045,0.0
DB01_to_DK06#alt7,7,89,1550.0,100.0,0.0393,0.0
DB01_to_DK06#alt7,7,90,1600.0,150.0,0.0374,0.0
DB01_to_DK06#alt7,7,91,1650.0,150.0,0.0323,0.0
DB01_to_DK06#alt7,7,92,1700.0,200.0,0.0301,0.0
DB01_to_DK06#alt7,7,93,1750.0,200.0,0.0259,0.0
DB01_to_DK06#alt7,7,94,1800.0,250.0,0.0236,0.0
DB01_to_DK06#alt7,7,95,1850.0,250.0,0.0202,0.0
DB01_to_DK06#alt7,7,96,1900.0,300.0,0.0182,0.0
DB01_to_DK06#alt7,7,97,1950.0,300.0,0.0155,0.0
DB01_to_DK06#alt7,7,98,2000.0,350.0,0.0161,0.0
DB01_to_DK06#alt7,7,99,2050.0,350.0,0.0183,0.0
DB01_to_DK06#alt7,7,100,2100.0,400.0,0.0229,0.0
DB01_to_DK06#alt7,7,101,2150.0,400.0,0.0256,0.0
DB01_to_DK06#alt7,7,102,2200.0,450.0,0.0322,0.0
DB01_to_DK06#alt7,7,103,2250.0,500.0,0.0407,0.0
DB01_to_DK06#alt7,7,104,2300.0,500.0,0.045,0.0
DB01_to_DK06#alt7,7,105,2350.0,550.0,0.0568,0.0
DB01_to_DK06#alt7,7,106,2400.0,550.0,0.0624,0.0
DB01_to_DK06#alt7,7,107,2450.0,600.0,0.0785,0.0
DB01_to_DK06#alt7,7,108,2500.0,600.0,0.0854,0.0
DB01_to_DK06#alt7,7,109,2550.0,650.0,0.1069,0.0
DB01_to_DK06#alt7,7,110,2600.0,650.0,0.1146,0.0
DB01_to_DK06#alt7,7,111,2650.0,700.0,0.1422,0.0
DB01_to_DK06#alt7,7,112,2700.0,700.0,0.1495,0.0
DB01_to_DK06#alt7,7,113,2750.0,750.0,0.1827,0.0
DB01_to_DK06#alt7,7,114,2800.0,750.0,0.1873,0.0
DB01_to_DK06#alt7,7,115,2850.0,800.0,0.2231,0.0
DB01_to_DK06#alt7,7,116,2900.0,850.0,0.2636,0.0
DB01_to_DK06#alt7,7,117,2950.0,850.0,0.2609,0.0
DB01_to_DK06#alt7,7,118,3000.0,900.0,0.2972,0.0
DB01_to_DK06#alt7,7,119,3050.0,900.0,0.281,0.0
DB01_to_DK06#alt7,7,120,3100.0,950.0,0.3006,0.0
DB01_to_DK06#alt7,7,121,3150.0,950.0,0.2721,0.0
DB01_to_DK06#alt7,7,122,3200.0,1000.0,0.2721,0.0
DB01_to_DK06#alt7,7,123,3250.0,1000.0,0.2431,0.0
DB01_to_DK06#alt7,7,124,3300.0,1050.0,0.2384,0.0
DB01_to_DK06#alt7,7,125,3350.0,1050.0,0.2609,0.0
DB01_to_DK06#alt7,7,126,3400.0,1100.0,0.2407,0.0
DB01_to_DK06#alt7,7,127,3450.0,1100.0,0.2609,0.0
DB01_to_DK06#alt7,7,128,3500.0,1150.0,0.2407,0.0
DB01_to_DK06#alt7,7,129,3550.0,1150.0,0.253,0.0
DB01_to_DK06#alt7,7,130,3600.0,1200.0,0.2211,0.0
DB02_to_DK05#alt0,0,0,1800.0,1100.0,0.1183,0.0
DB02_to_DK05#alt0,0,1,1850.0,1100.0,0.1062,0.0
DB02_to_DK05#alt0,0,2,1900.0,1100.0,0.0987,0.0
DB02_to_DK05#alt0,0,3,1950.0,1100.0,0.1069,0.0
DB02_to_DK05#alt0,0,4,2000.0,1100.0,0.1146,0.0
DB02_to_DK05#alt0,0,5,2050.0,1100.0,0.1215,0.0
DB02_to_DK05#alt0,0,6,2100.0,1100.0,0.1273,0.0
DB02_to_DK05#alt0,0,7,2150.0,1100.0,0.1317,0.0
DB02_to_DK05#alt0,0,8,2200.0,1100.0,0.1344,0.0
DB02_to_DK05#alt0,0,9,2250.0,1100.0,0.1422,0.0
DB02_to_DK05#alt0,0,10,2300.0,1150.0,0.1755,0.0
DB02_to_DK05#alt0,0,11,2350.0,1150.0,0.2057,0.0
DB02_to_DK05#alt0,0,12,2400.0,1150.0,0.2407,0.0
DB02_to_DK05#alt0,0,13,2450.0,1150.0,0.281,0.0
DB02_to_DK05#alt0,0,14,2500.0,1150.0,0.3269,0.0
DB02_to_DK05#alt0,0,15,2550.0,1150.0,0.3784,0.0
DB02_to_DK05#alt0,0,16,2600.0,1150.0,0.4346,0.0
DB02_to_DK05#alt0,0,17,2650.0,1150.0,0.4931,0.0
DB02_to_DK05#alt0,0,18,2700.0,1150.0,0.5483,0.0
DB02_to_DK05#alt0,0,19,2750.0,1150.0,0.6241,0.0
DB02_to_DK05#alt0,0,20,2800.0,1150.0,0.6889,0.0
DB02_to_DK05#alt0,0,21,2850.0,1150.0,0.7165,0.0
DB02_to_DK05#alt0,0,22,2900.0,1150.0,0.7165,0.0
DB02_to_DK05#alt0,0,23,2950.0,1150.0,0.6889,0.0
DB02_to_DK05#alt0,0,24,3000.0,1150.0,0.6241,0.0
DB02_to_DK05#alt0,0,25,3050.0,1150.0,0.5483,0.0
DB02_to_DK05#alt0,0,26,3100.0,1150.0,0.4931,0.0
DB02_to_DK05#alt0,0,27,3150.0,1150.0,0.4346,0.0
DB02_to_DK05#alt0,0,28,3200.0,1150.0,0.3784,0.0
DB02_to_DK05#alt0,0,29,3250.0,1150.0,0.3269,0.0
DB02_to_DK05#alt0,0,30,3300.0,1200.0,0.2972,0.0
DB02_to_DK05#alt0,0,31,3350.0,1200.0,0.253,0.0
DB02_to_DK05#alt0,0,32,3400.0,1200.0,0.2151,0.0
DB02_to_DK05#alt0,0,33,3450.0,1200.0,0.1937,0.0
DB02_to_DK05#alt0,0,34,3500.0,1200.0,0.2057,0.0
DB02_to_DK05#alt0,0,35,3550.0,1200.0,0.2151,0.0
DB02_to_DK05#alt0,0,36,3600.0,1200.0,0.2211,0.0
DB02_to_DK05#alt0,0,37,3650.0,1200.0,0.2231,0.0
DB02_to_DK05#alt0,0,38,3700.0,1200.0,0.2231,0.0
DB02_to_DK05#alt0,0,39,3750.0,1200.0,0.2211,0.0
DB02_to_DK05#alt0,0,40,3800.0,1200.0,0.2151,0.0
DB02_to_DK05#alt0,0,41,3850.0,1200.0,0.2057,0.0
DB02_to_DK05#alt0,0,42,3900.0,1200.0,0.1937,0.0
DB02_to_DK05#alt0,0,43,3950.0,1200.0,0.1798,0.0
DB02_to_DK05#alt0,0,44,4000.0,1200.0,0.1648,0.0
DB02_to_DK05#alt0,0,45,4050.0,1200.0,0.1551,0.0
DB02_to_DK05#alt0,0,46,4100.0,1200.0,0.1661,0.0
DB02_to_DK05#alt0,0,47,4150.0,1200.0,0.1755,0.0
DB02_to_DK05#alt0,0,48,4200.0,1200.0,0.1827,0.0
DB02_to_DK05#alt0,0,49,4250.0,1250.0,0.2211,0.0
DB02_to_DK05#alt0,0,50,4300.0,1250.0,0.2231,0.0
DB02_to_DK05#alt0,0,51,4350.0,1250.0,0.2231,0.0
DB02_to_DK05#alt0,0,52,4400.0,1250.0,0.2231,0.0
DB02_to_DK05#alt0,0,53,4450.0,1250.0,0.2211,0.0
DB02_to_DK05#alt0,0,54,4500.0,1250.0,0.2151,0.0
DB02_to_DK05#alt0,0,55,4550.0,1250.0,0.2057,0.0
DB02_to_DK05#alt0,0,56,4600.0,1250.0,0.1937,0.0
DB02_to_DK05#alt0,0,57,4650.0,1250.0,0.1798,0.0
DB02_to_DK05#alt0,0,58,4700.0,1250.0,0.1648,0.0
DB02_to_DK05#alt0,0,59,4700.0,1300.0,0.1889,0.0
DB02_to_DK05#alt0,0,60,4700.0,1350.0,0.2151,0.0
DB02_to_DK05#alt0,0,61,4750.0,1400.0,0.2151,0.0
DB02_to_DK05#alt0,0,62,4750.0,1450.0,0.2431,0.0
DB02_to_DK05#alt0,0,63,4750.0,1500.0,0.2721,0.0
DB02_to_DK05#alt0,0,64,4750.0,1550.0,0.3006,0.0
DB02_to_DK05#alt0,0,65,4800.0,1600.0,0.281,0.0
DB02_to_DK05#alt0,0,66,4800.0,1650.0,0.2972,0.0
DB02_to_DK05#alt0,0,67,4800.0,1700.0,0.3077,0.0
DB02_to_DK05#alt0,0,68,4800.0,1750.0,0.3114,0.0
DB02_to_DK05#alt0,0,69,4850.0,1800.0,0.2636,0.0
DB02_to_DK05#alt0,0,70,4850.0,1850.0,0.2609,0.0
DB02_to_DK05#alt0,0,71,4850.0,1900.0,0.253,0.0
DB02_to_DK05#alt0,0,72,4850.0,1950.0,0.2407,0.0
DB02_to_DK05#alt0,0,73,4900.0,2000.0,0.1937,0.0
DB02_to_DK05#alt0,0,74,4900.0,2050.0,0.1798,0.0
DB02_to_DK05#alt0,0,75,4900.0,2100.0,0.1648,0.0
DB02_to_DK05#alt0,0,76,4900.0,2150.0,0.1495,0.0
DB02_to_DK05#alt0,0,77,4950.0,2200.0,0.1183,0.0
DB02_to_DK05#alt0,0,78,4950.0,2250.0,0.1062,0.0
DB02_to_DK05#alt1,1,0,1800.0,1100.0,0.1183,0.0
DB02_to_DK05#alt1,1,1,1850.0,1100.0,0.1062,0.0
DB02_to_DK05#alt1,1,2,1900.0,1100.0,0.0987,0.0
DB02_to_DK05#alt1,1,3,1950.0,1100.0,0.1069,0.0
DB02_to_DK05#alt1,1,4,2000.0,1100.0,0.1146,0.0
DB02_to_DK05#alt1,1,5,2050.0,1100.0,0.1215,0.0
DB02_to_DK05#alt1,1,6,2100.0,1100.0,0.1273,0.0
DB02_to_DK05#alt1,1,7,2150.0,1100.0,0.1317,0.0
DB02_to_DK05#alt1,1,8,2200.0,1150.0,0.1587,0.0
DB02_to_DK05#alt1,1,9,2250.0,1150.0,0.1599,0.0
DB02_to_DK05#alt1,1,10,2300.0,1150.0,0.1755,0.0
DB02_to_DK05#alt1,1,11,2350.0,1150.0,0.2057,0.0
DB02_to_DK05#alt1,1,12,2400.0,1150.0,0.2407,0.0
DB02_to_DK05#alt1,1,13,2450.0,1150.0,0.281,0.0
DB02_to_DK05#alt1,1,14,2500.0,1150.0,0.3269,0.0
DB02_to_DK05#alt1,1,15,2550.0,1150.0,0.3784,0.0
DB02_to_DK05#alt1,1,16,2600.0,1150.0,0.4346,0.0
DB02_to_DK05#alt1,1,17,2650.0,1150.0,0.4931,0.0
DB02_to_DK05#alt1,1,18,2700.0,1150.0,0.5483,0.0
DB02_to_DK05#alt1,1,19,2750.0,1150.0,0.6241,0.0
DB02_to_DK05#alt1,1,20,2800.0,1150.0,0.6889,0.0
DB02_to_DK05#alt1,1,21,2850.0,1150.0,0.7165,0.0
DB02_to_DK05#alt1,1,22,2900.0,1150.0,0.7165,0.0
DB02_to_DK05#alt1,1,23,2950.0,1150.0,0.6889,0.0
DB02_to_DK05#alt1,1,24,3000.0,1200.0,0.6889,0.0
DB02_to_DK05#alt1,1,25,3050.0,1200.0,0.6241,0.0
DB02_to_DK05#alt1,1,26,3100.0,1200.0,0.5483,0.0
DB02_to_DK05#alt1,1,27,3150.0,1200.0,0.4746,0.0
DB02_to_DK05#alt1,1,28,3200.0,1200.0,0.4076,0.0
DB02_to_DK05#alt1,1,29,3250.0,1200.0,0.3485,0.0
DB02_to_DK05#alt1,1,30,3300.0,1200.0,0.2972,0.0
DB02_to_DK05#alt1,1,31,3350.0,1200.0,0.253,0.0
DB02_to_DK05#alt1,1,32,3400.0,1200.0,0.2151,0.0
DB02_to_DK05#alt1,1,33,3450.0,1200.0,0.1937,0.0
DB02_to_DK05#alt1,1,34,3500.0,1200.0,0.2057,0.0
DB02_to_DK05#alt1,1,35,3550.0,1200.0,0.2151,0.0
DB02_to_DK05#alt1,1,36,3600.0,1200.0,0.2211,0.0
DB02_to_DK05#alt1,1,37,3650.0,1200.0,0.2231,0.0
DB02_to_DK05#alt1,1,38,3700.0,1200.0,0.2231,0.0
DB02_to_DK05#alt1,1,39,3750.0,1250.0,0.1873,0.0
DB02_to_DK05#alt1,1,40,3800.0,1250.0,0.1827,0.0
DB02_to_DK05#alt1,1,41,3850.0,1250.0,0.1755,0.0
DB02_to_DK05#alt1,1,42,3900.0,1250.0,0.1661,0.0
DB02_to_DK05#alt1,1,43,3950.0,1250.0,0.1551,0.0
DB02_to_DK05#alt1,1,44,4000.0,1250.0,0.1648,0.0
DB02_to_DK05#alt1,1,45,4050.0,1250.0,0.1798,0.0
DB02_to_DK05#alt1,1,46,4100.0,1250.0,0.1937,0.0
DB02_to_DK05#alt1,1,47,4150.0,1250.0,0.2057,0.0
DB02_to_DK05#alt1,1,48,4200.0,1250.0,0.2151,0.0
DB02_to_DK05#alt1,1,49,4250.0,1250.0,0.2211,0.0
DB02_to_DK05#alt1,1,50,4300.0,1250.0,0.2231,0.0
DB02_to_DK05#alt1,1,51,4350.0,1250.0,0.2231,0.0
DB02_to_DK05#alt1,1,52,4400.0,1250.0,0.2231,0.0
DB02_to_DK05#alt1,1,53,4450.0,1250.0,0.2211,0.0
DB02_to_DK05#alt1,1,54,4500.0,1250.0,0.2151,0.0
DB02_to_DK05#alt1,1,55,4550.0,1300.0,0.2407,0.0
DB02_to_DK05#alt1,1,56,4600.0,1300.0,0.2252,0.0
DB02_to_DK05#alt1,1,57,4650.0,1300.0,0.2076,0.0
DB02_to_DK05#alt1,1,58,4700.0,1300.0,0.1889,0.0
DB02_to_DK05#alt1,1,59,4750.0,1300.0,0.17,0.0
DB02_to_DK05#alt1,1,60,4800.0,1300.0,0.1517,0.0
DB02_to_DK05#alt1,1,61,4850.0,1300.0,0.1344,0.0
DB02_to_DK05#alt1,1,62,4900.0,1300.0,0.1199,0.0
DB02_to_DK05#alt1,1,63,4900.0,1350.0,0.1344,0.0
DB02_to_DK05#alt1,1,64,4900.0,1400.0,0.1495,0.0
DB02_to_DK05#alt1,1,65,4900.0,1450.0,0.1648,0.0
DB02_to_DK05#alt1,1,66,4900.0,1500.0,0.1798,0.0
DB02_to_DK05#alt1,1,67,4900.0,1550.0,0.1937,0.0
DB02_to_DK05#alt1,1,68,4900.0,1600.0,0.2057,0.0
DB02_to_DK05#alt1,1,69,4900.0,1650.0,0.2151,0.0
DB02_to_DK05#alt1,1,70,4900.0,1700.0,0.2211,0.0
DB02_to_DK05#alt1,1,71,4900.0,1750.0,0.2231,0.0
DB02_to_DK05#alt1,1,72,4950.0,1800.0,0.1889,0.0
DB02_to_DK05#alt1,1,73,4950.0,1850.0,0.1873,0.0
DB02_to_DK05#alt1,1,74,4950.0,1900.0,0.1827,0.0
DB02_to_DK05#alt1,1,75,4950.0,1950.0,0.1755,0.0
DB02_to_DK05#alt1,1,76,4950.0,2000.0,0.1661,0.0
DB02_to_DK05#alt1,1,77,4950.0,2050.0,0.1551,0.0
DB02_to_DK05#alt1,1,78,4950.0,2100.0,0.1432,0.0
DB02_to_DK05#alt1,1,79,4950.0,2150.0,0.1308,0.0
DB02_to_DK05#alt1,1,80,4950.0,2200.0,0.1183,0.0
DB02_to_DK05#alt1,1,81,4950.0,2250.0,0.1062,0.0
DB02_to_DK05#alt2,2,0,1800.0,1100.0,0.1183,0.0
DB02_to_DK05#alt2,2,1,1850.0,1100.0,0.1062,0.0
DB02_to_DK05#alt2,2,2,1900.0,1150.0,0.1146,0.0
DB02_to_DK05#alt2,2,3,1950.0,1150.0,0.1239,0.0
DB02_to_DK05#alt2,2,4,2000.0,1200.0,0.1551,0.0
DB02_to_DK05#alt2,2,5,2050.0,1200.0,0.1661,0.0
DB02_to_DK05#alt2,2,6,2100.0,1250.0,0.2057,0.0
DB02_to_DK05#alt2,2,7,2150.0,1250.0,0.2151,0.0
DB02_to_DK05#alt2,2,8,2200.0,1300.0,0.2609,0.0
DB02_to_DK05#alt2,2,9,2250.0,1300.0,0.2636,0.0
DB02_to_DK05#alt2,2,10,2300.0,1350.0,0.3114,0.0
DB02_to_DK05#alt2,2,11,2350.0,1350.0,0.3114,0.0
DB02_to_DK05#alt2,2,12,2400.0,1400.0,0.3679,0.0
DB02_to_DK05#alt2,2,13,2450.0,1400.0,0.3679,0.0
DB02_to_DK05#alt2,2,14,2500.0,1450.0,0.4346,0.0
DB02_to_DK05#alt2,2,15,2550.0,1450.0,0.4346,0.0
DB02_to_DK05#alt2,2,16,2600.0,1500.0,0.503,0.0
DB02_to_DK05#alt2,2,17,2650.0,1500.0,0.5903,0.0
DB02_to_DK05#alt2,2,18,2700.0,1550.0,0.6241,0.0
DB02_to_DK05#alt2,2,19,2750.0,1550.0,0.6889,0.0
DB02_to_DK05#alt2,2,20,2800.0,1600.0,0.6065,0.0
DB02_to_DK05#alt2,2,21,2850.0,1600.0,0.6065,0.0
DB02_to_DK05#alt2,2,22,2900.0,1650.0,0.5134,0.0
DB02_to_DK05#alt2,2,23,2950.0,1650.0,0.5134,0.0
DB02_to_DK05#alt2,2,24,3000.0,1650.0,0.503,0.0
DB02_to_DK05#alt2,2,25,3050.0,1700.0,0.4076,0.0
DB02_to_DK05#alt2,2,26,3100.0,1700.0,0.3784,0.0
DB02_to_DK05#alt2,2,27,3150.0,1700.0,0.344,0.0
DB02_to_DK05#alt2,2,28,3200.0,1700.0,0.3077,0.0
DB02_to_DK05#alt2,2,29,3250.0,1750.0,0.2431,0.0
DB02_to_DK05#alt2,2,30,3300.0,1750.0,0.2151,0.0
DB02_to_DK05#alt2,2,31,3350.0,1750.0,0.1889,0.0
DB02_to_DK05#alt2,2,32,3400.0,1800.0,0.1495,0.0
DB02_to_DK05#alt2,2,33,3450.0,1800.0,0.1308,0.0
DB02_to_DK05#alt2,2,34,3500.0,1800.0,0.1138,0.0
DB02_to_DK05#alt2,2,35,3550.0,1850.0,0.0964,0.0
DB02_to_DK05#alt2,2,36,3600.0,1850.0,0.1138,0.0
DB02_to_DK05#alt2,2,37,3650.0,1850.0,0.1344,0.0
DB02_to_DK05#alt2,2,38,3700.0,1850.0,0.1587,0.0
DB02_to_DK05#alt2,2,39,3750.0,1900.0,0.1827,0.0
DB02_to_DK05#alt2,2,40,3800.0,1900.0,0.2151,0.0
DB02_to_DK05#alt2,2,41,3850.0,1900.0,0.253,0.0
DB02_to_DK05#alt2,2,42,3900.0,1950.0,0.281,0.0
DB02_to_DK05#alt2,2,43,3950.0,1950.0,0.3269,0.0
DB02_to_DK05#alt2,2,44,4000.0,1950.0,0.3784,0.0
DB02_to_DK05#alt2,2,45,4050.0,2000.0,0.3895,0.0
DB02_to_DK05#alt2,2,46,4100.0,2000.0,0.4346,0.0
DB02_to_DK05#alt2,2,47,4150.0,2000.0,0.4931,0.0
DB02_to_DK05#alt2,2,48,4200.0,2000.0,0.5483,0.0
DB02_to_DK05#alt2,2,49,4250.0,2050.0,0.503,0.0
DB02_to_DK05#alt2,2,50,4300.0,2050.0,0.5134,0.0
DB02_to_DK05#alt2,2,51,4350.0,2050.0,0.5134,0.0
DB02_to_DK05#alt2,2,52,4400.0,2100.0,0.4346,0.0
DB02_to_DK05#alt2,2,53,4450.0,2100.0,0.4275,0.0
DB02_to_DK05#alt2,2,54,4500.0,2100.0,0.4076,0.0
DB02_to_DK05#alt2,2,55,4550.0,2150.0,0.3269,0.0
DB02_to_DK05#alt2,2,56,4600.0,2150.0,0.3006,0.0
DB02_to_DK05#alt2,2,57,4650.0,2150.0,0.2721,0.0
DB02_to_DK05#alt2,2,58,4700.0,2150.0,0.2431,0.0
DB02_to_DK05#alt2,2,59,4750.0,2200.0,0.1921,0.0
DB02_to_DK05#alt2,2,60,4800.0,2200.0,0.17,0.0
DB02_to_DK05#alt2,2,61,4850.0,2200.0,0.1517,0.0
DB02_to_DK05#alt2,2,62,4900.0,2250.0,0.1199,0.0
DB02_to_DK05#alt2,2,63,4950.0,2250.0,0.1062,0.0
DB02_to_DK05#alt3,3,0,1800.0,1100.0,0.1183,0.0
DB02_to_DK05#alt3,3,1,1850.0,1100.0,0.1062,0.0
DB02_to_DK05#alt3,3,2,1900.0,1100.0,0.0987,0.0
DB02_to_DK05#alt3,3,3,1950.0,1100.0,0.1069,0.0
DB02_to_DK05#alt3,3,4,2000.0,1100.0,0.1146,0.0
DB02_to_DK05#alt3,3,5,2050.0,1100.0,0.1215,0.0
DB02_to_DK05#alt3,3,6,2100.0,1100.0,0.1273,0.0
DB02_to_DK05#alt3,3,7,2150.0,1100.0,0.1317,0.0
DB02_to_DK05#alt3,3,8,2200.0,1100.0,0.1344,0.0
DB02_to_DK05#alt3,3,9,2250.0,1100.0,0.1422,0.0
DB02_to_DK05#alt3,3,10,2300.0,1100.0,0.1661,0.0
DB02_to_DK05#alt3,3,11,2350.0,1150.0,0.2057,0.0
DB02_to_DK05#alt3,3,12,2400.0,1150.0,0.2407,0.0
DB02_to_DK05#alt3,3,13,2450.0,1150.0,0.281,0.0
DB02_to_DK05#alt3,3,14,2500.0,1150.0,0.3269,0.0
DB02_to_DK05#alt3,3,15,2550.0,1150.0,0.3784,0.0
DB02_to_DK05#alt3,3,16,2600.0,1150.0,0.4346,0.0
DB02_to_DK05#alt3,3,17,2650.0,1150.0,0.4931,0.0
DB02_to_DK05#alt3,3,18,2700.0,1150.0,0.5483,0.0
DB02_to_DK05#alt3,3,19,2750.0,1150.0,0.6241,0.0
DB02_to_DK05#alt3,3,20,2800.0,1150.0,0.6889,0.0
DB02_to_DK05#alt3,3,21,2850.0,1150.0,0.7165,0.0
DB02_to_DK05#alt3,3,22,2900.0,1150.0,0.7165,0.0
DB02_to_DK05#alt3,3,23,2950.0,1150.0,0.6889,0.0
DB02_to_DK05#alt3,3,24,3000.0,1150.0,0.6241,0.0
DB02_to_DK05#alt3,3,25,3050.0,1150.0,0.5483,0.0
DB02_to_DK05#alt3,3,26,3100.0,1150.0,0.4931,0.0
DB02_to_DK05#alt3,3,27,3150.0,1150.0,0.4346,0.0
DB02_to_DK05#alt3,3,28,3200.0,1150.0,0.3784,0.0
DB02_to_DK05#alt3,3,29,3250.0,1150.0,0.3269,0.0
DB02_to_DK05#alt3,3,30,3300.0,1150.0,0.281,0.0
DB02_to_DK05#alt3,3,31,3350.0,1200.0,0.253,0.0
DB02_to_DK05#alt3,3,32,3400.0,1200.0,0.2151,0.0
DB02_to_DK05#alt3,3,33,3450.0,1200.0,0.1937,0.0
DB02_to_DK05#alt3,3,34,3500.0,1200.0,0.2057,0.0
DB02_to_DK05#alt3,3,35,3550.0,1200.0,0.2151,0.0
DB02_to_DK05#alt3,3,36,3600.0,1200.0,0.2211,0.0
DB02_to_DK05#alt3,3,37,3650.0,1200.0,0.2231,0.0
DB02_to_DK05#alt3,3,38,3700.0,1200.0,0.2231,0.0
DB02_to_DK05#alt3,3,39,3750.0,1200.0,0.2211,0.0
DB02_to_DK05#alt3,3,40,3800.0,1200.0,0.2151,0.0
DB02_to_DK05#alt3,3,41,3850.0,1200.0,0.2057,0.0
DB02_to_DK05#alt3,3,42,3900.0,1200.0,0.1937,0.0
DB02_to_DK05#alt3,3,43,3950.0,1200.0,0.1798,0.0
DB02_to_DK05#alt3,3,44,4000.0,1200.0,0.1648,0.0
DB02_to_DK05#alt3,3,45,4050.0,1200.0,0.1551,0.0
DB02_to_DK05#alt3,3,46,4100.0,1200.0,0.1661,0.0
DB02_to_DK05#alt3,3,47,4150.0,1200.0,0.1755,0.0
DB02_to_DK05#alt3,3,48,4200.0,1200.0,0.1827,0.0
DB02_to_DK05#alt3,3,49,4250.0,1200.0,0.1873,0.0
DB02_to_DK05#alt3,3,50,4300.0,1200.0,0.1889,0.0
DB02_to_DK05#alt3,3,51,4350.0,1250.0,0.2231,0.0
DB02_to_DK05#alt3,3,52,4400.0,1250.0,0.2231,0.0
DB02_to_DK05#alt3,3,53,4450.0,1250.0,0.2211,0.0
DB02_to_DK05#alt3,3,54,4500.0,1250.0,0.2151,0.0
DB02_to_DK05#alt3,3,55,4550.0,1250.0,0.2057,0.0
DB02_to_DK05#alt3,3,56,4600.0,1250.0,0.1937,0.0
DB02_to_DK05#alt3,3,57,4650.0,1250.0,0.1798,0.0
DB02_to_DK05#alt3,3,58,4700.0,1250.0,0.1648,0.0
DB02_to_DK05#alt3,3,59,4750.0,1250.0,0.1495,0.0
DB02_to_DK05#alt3,3,60,4800.0,1250.0,0.1344,0.0
DB02_to_DK05#alt3,3,61,4800.0,1300.0,0.1517,0.0
DB02_to_DK05#alt3,3,62,4800.0,1350.0,0.17,0.0
DB02_to_DK05#alt3,3,63,4800.0,1400.0,0.1921,0.0
DB02_to_DK05#alt3,3,64,4850.0,1450.0,0.1889,0.0
DB02_to_DK05#alt3,3,65,4850.0,1500.0,0.2076,0.0
DB02_to_DK05#alt3,3,66,4850.0,1550.0,0.2252,0.0
DB02_to_DK05#alt3,3,67,4850.0,1600.0,0.2407,0.0
DB02_to_DK05#alt3,3,68,4850.0,1650.0,0.253,0.0
DB02_to_DK05#alt3,3,69,4850.0,1700.0,0.2609,0.0
DB02_to_DK05#alt3,3,70,4850.0,1750.0,0.2636,0.0
DB02_to_DK05#alt3,3,71,4900.0,1800.0,0.2231,0.0
DB02_to_DK05#alt3,3,72,4900.0,1850.0,0.2211,0.0
DB02_to_DK05#alt3,3,73,4900.0,1900.0,0.2151,0.0
DB02_to_DK05#alt3,3,74,4900.0,1950.0,0.2057,0.0
DB02_to_DK05#alt3,3,75,4900.0,2000.0,0.1937,0.0
DB02_to_DK05#alt3,3,76,4900.0,2050.0,0.1798,0.0
DB02_to_DK05#alt3,3,77,4950.0,2100.0,0.1432,0.0
DB02_to_DK05#alt3,3,78,4950.0,2150.0,0.1308,0.0
DB02_to_DK05#alt3,3,79,4950.0,2200.0,0.1183,0.0
DB02_to_DK05#alt3,3,80,4950.0,2250.0,0.1062,0.0
DB02_to_DK05#alt4,4,0,1800.0,1100.0,0.1183,0.0
DB02_to_DK05#alt4,4,1,1850.0,1100.0,0.1062,0.0
DB02_to_DK05#alt4,4,2,1900.0,1100.0,0.0987,0.0
DB02_to_DK05#alt4,4,3,1950.0,1100.0,0.1069,0.0
DB02_to_DK05#alt4,4,4,2000.0,1100.0,0.1146,0.0
DB02_to_DK05#alt4,4,5,2050.0,1100.0,0.1215,0.0
DB02_to_DK05#alt4,4,6,2100.0,1100.0,0.1273,0.0
DB02_to_DK05#alt4,4,7,2150.0,1100.0,0.1317,0.0
DB02_to_DK05#alt4,4,8,2200.0,1100.0,0.1344,0.0
DB02_to_DK05#alt4,4,9,2250.0,1100.0,0.1422,0.0
DB02_to_DK05#alt4,4,10,2300.0,1150.0,0.1755,0.0
DB02_to_DK05#alt4,4,11,2350.0,1150.0,0.2057,0.0
DB02_to_DK05#alt4,4,12,2400.0,1150.0,0.2407,0.0
DB02_to_DK05#alt4,4,13,2450.0,1150.0,0.281,0.0
DB02_to_DK05#alt4,4,14,2500.0,1150.0,0.3269,0.0
DB02_to_DK05#alt4,4,15,2550.0,1150.0,0.3784,0.0
DB02_to_DK05#alt4,4,16,2600.0,1150.0,0.4346,0.0
DB02_to_DK05#alt4,4,17,2650.0,1150.0,0.4931,0.0
DB02_to_DK05#alt4,4,18,2700.0,1150.0,0.5483,0.0
DB02_to_DK05#alt4,4,19,2750.0,1150.0,0.6241,0.0
DB02_to_DK05#alt4,4,20,2800.0,1150.0,0.6889,0.0
DB02_to_DK05#alt4,4,21,2850.0,1150.0,0.7165,0.0
DB02_to_DK05#alt4,4,22,2900.0,1150.0,0.7165,0.0
DB02_to_DK05#alt4,4,23,2950.0,1150.0,0.6889,0.0
DB02_to_DK05#alt4,4,24,3000.0,1150.0,0.6241,0.0
DB02_to_DK05#alt4,4,25,3050.0,1150.0,0.5483,0.0
DB02_to_DK05#alt4,4,26,3100.0,1150.0,0.4931,0.0
DB02_to_DK05#alt4,4,27,3150.0,1150.0,0.4346,0.0
DB02_to_DK05#alt4,4,28,3200.0,1150.0,0.3784,0.0
DB02_to_DK05#alt4,4,29,3250.0,1150.0,0.3269,0.0
DB02_to_DK05#alt4,4,30,3300.0,1200.0,0.2972,0.0
DB02_to_DK05#alt4,4,31,3350.0,1200.0,0.253,0.0
DB02_to_DK05#alt4,4,32,3400.0,1200.0,0.2151,0.0
DB02_to_DK05#alt4,4,33,3450.0,1200.0,0.1937,0.0
DB02_to_DK05#alt4,4,34,3500.0,1200.0,0.2057,0.0
DB02_to_DK05#alt4,4,35,3550.0,1200.0,0.2151,0.0
DB02_to_DK05#alt4,4,36,3600.0,1200.0,0.2211,0.0
DB02_to_DK05#alt4,4,37,3650.0,1200.0,0.2231,0.0
DB02_to_DK05#alt4,4,38,3700.0,1200.0,0.2231,0.0
DB02_to_DK05#alt4,4,39,3750.0,1200.0,0.2211,0.0
DB02_to_DK05#alt4,4,40,3800.0,1200.0,0.2151,0.0
DB02_to_DK05#alt4,4,41,3850.0,1200.0,0.2057,0.0
DB02_to_DK05#alt4,4,42,3900.0,1200.0,0.1937,0.0
DB02_to_DK05#alt4,4,43,3950.0,1200.0,0.1798,0.0
DB02_to_DK05#alt4,4,44,4000.0,1200.0,0.1648,0.0
DB02_to_DK05#alt4,4,45,4050.0,1200.0,0.1551,0.0
DB02_to_DK05#alt4,4,46,4100.0,1200.0,0.1661,0.0
DB02_to_DK05#alt4,4,47,4150.0,1200.0,0.1755,0.0
DB02_to_DK05#alt4,4,48,4200.0,1200.0,0.1827,0.0
DB02_to_DK05#alt4,4,49,4250.0,1200.0,0.1873,0.0
DB02_to_DK05#alt4,4,50,4300.0,1250.0,0.2231,0.0
DB02_to_DK05#alt4,4,51,4350.0,1250.0,0.2231,0.0
DB02_to_DK05#alt4,4,52,4400.0,1250.0,0.2231,0.0
DB02_to_DK05#alt4,4,53,4450.0,1250.0,0.2211,0.0
DB02_to_DK05#alt4,4,54,4500.0,1250.0,0.2151,0.0
DB02_to_DK05#alt4,4,55,4550.0,1250.0,0.2057,0.0
DB02_to_DK05#alt4,4,56,4600.0,1250.0,0.1937,0.0
DB02_to_DK05#alt4,4,57,4650.0,1250.0,0.1798,0.0
DB02_to_DK05#alt4,4,58,4700.0,1250.0,0.1648,0.0
DB02_to_DK05#alt4,4,59,4750.0,1250.0,0.1495,0.0
DB02_to_DK05#alt4,4,60,4750.0,1300.0,0.17,0.0
DB02_to_DK05#alt4,4,61,4750.0,1350.0,0.1921,0.0
DB02_to_DK05#alt4,4,62,4800.0,1400.0,0.1921,0.0
DB02_to_DK05#alt4,4,63,4800.0,1450.0,0.2151,0.0
DB02_to_DK05#alt4,4,64,4800.0,1500.0,0.2384,0.0
DB02_to_DK05#alt4,4,65,4800.0,1550.0,0.2609,0.0
DB02_to_DK05#alt4,4,66,4800.0,1600.0,0.281,0.0
DB02_to_DK05#alt4,4,67,4850.0,1650.0,0.253,0.0
DB02_to_DK05#alt4,4,68,4850.0,1700.0,0.2609,0.0
DB02_to_DK05#alt4,4,69,4850.0,1750.0,0.2636,0.0
DB02_to_DK05#alt4,4,70,4850.0,1800.0,0.2636,0.0
DB02_to_DK05#alt4,4,71,4850.0,1850.0,0.2609,0.0
DB02_to_DK05#alt4,4,72,4900.0,1900.0,0.2151,0.0
DB02_to_DK05#alt4,4,73,4900.0,1950.0,0.2057,0.0
DB02_to_DK05#alt4,4,74,4900.0,2000.0,0.1937,0.0
DB02_to_DK05#alt4,4,75,4900.0,2050.0,0.1798,0.0
DB02_to_DK05#alt4,4,76,4900.0,2100.0,0.1648,0.0
DB02_to_DK05#alt4,4,77,4950.0,2150.0,0.1308,0.0
DB02_to_DK05#alt4,4,78,4950.0,2200.0,0.1183,0.0
DB02_to_DK05#alt4,4,79,4950.0,2250.0,0.1062,0.0
DB02_to_DK05#alt5,5,0,1800.0,1100.0,0.1183,0.0
DB02_to_DK05#alt5,5,1,1850.0,1100.0,0.1062,0.0
DB02_to_DK05#alt5,5,2,1900.0,1150.0,0.1146,0.0
DB02_to_DK05#alt5,5,3,1950.0,1150.0,0.1239,0.0
DB02_to_DK05#alt5,5,4,2000.0,1200.0,0.1551,0.0
DB02_to_DK05#alt5,5,5,2050.0,1200.0,0.1661,0.0
DB02_to_DK05#alt5,5,6,2100.0,1250.0,0.2057,0.0
DB02_to_DK05#alt5,5,7,2150.0,1250.0,0.2151,0.0
DB02_to_DK05#alt5,5,8,2200.0,1300.0,0.2609,0.0
DB02_to_DK05#alt5,5,9,2250.0,1300.0,0.2636,0.0
DB02_to_DK05#alt5,5,10,2300.0,1350.0,0.3114,0.0
DB02_to_DK05#alt5,5,11,2350.0,1350.0,0.3114,0.0
DB02_to_DK05#alt5,5,12,2400.0,1350.0,0.3114,0.0
DB02_to_DK05#alt5,5,13,2450.0,1400.0,0.3679,0.0
DB02_to_DK05#alt5,5,14,2500.0,1400.0,0.3679,0.0
DB02_to_DK05#alt5,5,15,2550.0,1450.0,0.4346,0.0
DB02_to_DK05#alt5,5,16,2600.0,1450.0,0.5134,0.0
DB02_to_DK05#alt5,5,17,2650.0,1500.0,0.5903,0.0
DB02_to_DK05#alt5,5,18,2700.0,1500.0,0.6889,0.0
DB02_to_DK05#alt5,5,19,2750.0,1550.0,0.6889,0.0
DB02_to_DK05#alt5,5,20,2800.0,1550.0,0.7165,0.0
DB02_to_DK05#alt5,5,21,2850.0,1600.0,0.6065,0.0
DB02_to_DK05#alt5,5,22,2900.0,1600.0,0.6065,0.0
DB02_to_DK05#alt5,5,23,2950.0,1600.0,0.6065,0.0
DB02_to_DK05#alt5,5,24,3000.0,1650.0,0.503,0.0
DB02_to_DK05#alt5,5,25,3050.0,1650.0,0.4746,0.0
DB02_to_DK05#alt5,5,26,3100.0,1650.0,0.4346,0.0
DB02_to_DK05#alt5,5,27,3150.0,1700.0,0.344,0.0
DB02_to_DK05#alt5,5,28,3200.0,1700.0,0.3077,0.0
DB02_to_DK05#alt5,5,29,3250.0,1700.0,0.2721,0.0
DB02_to_DK05#alt5,5,30,3300.0,1750.0,0.2151,0.0
DB02_to_DK05#alt5,5,31,3350.0,1750.0,0.1889,0.0
DB02_to_DK05#alt5,5,32,3400.0,1750.0,0.1648,0.0
DB02_to_DK05#alt5,5,33,3450.0,1750.0,0.1432,0.0
DB02_to_DK05#alt5,5,34,3500.0,1800.0,0.1138,0.0
DB02_to_DK05#alt5,5,35,3550.0,1800.0,0.0987,0.0
DB02_to_DK05#alt5,5,36,3600.0,1800.0,0.1146,0.0
DB02_to_DK05#alt5,5,37,3650.0,1850.0,0.1344,0.0
DB02_to_DK05#alt5,5,38,3700.0,1850.0,0.1587,0.0
DB02_to_DK05#alt5,5,39,3750.0,1850.0,0.1873,0.0
DB02_to_DK05#alt5,5,40,3800.0,1900.0,0.2151,0.0
DB02_to_DK05#alt5,5,41,3850.0,1900.0,0.253,0.0
DB02_to_DK05#alt5,5,42,3900.0,1900.0,0.2972,0.0
DB02_to_DK05#alt5,5,43,3950.0,1950.0,0.3269,0.0
DB02_to_DK05#alt5,5,44,4000.0,1950.0,0.3784,0.0
DB02_to_DK05#alt5,5,45,4050.0,1950.0,0.4346,0.0
DB02_to_DK05#alt5,5,46,4100.0,2000.0,0.4346,0.0
DB02_to_DK05#alt5,5,47,4150.0,2000.0,0.4931,0.0
DB02_to_DK05#alt5,5,48,4200.0,2000.0,0.5483,0.0
DB02_to_DK05#alt5,5,49,4250.0,2050.0,0.503,0.0
DB02_to_DK05#alt5,5,50,4300.0,2050.0,0.5134,0.0
DB02_to_DK05#alt5,5,51,4350.0,2050.0,0.5134,0.0
DB02_to_DK05#alt5,5,52,4400.0,2100.0,0.4346,0.0
DB02_to_DK05#alt5,5,53,4450.0,2100.0,0.4275,0.0
DB02_to_DK05#alt5,5,54,4500.0,2100.0,0.4076,0.0
DB02_to_DK05#alt5,5,55,4550.0,2100.0,0.3784,0.0
DB02_to_DK05#alt5,5,56,4600.0,2150.0,0.3006,0.0
DB02_to_DK05#alt5,5,57,4650.0,2150.0,0.2721,0.0
DB02_to_DK05#alt5,5,58,4700.0,2150.0,0.2431,0.0
DB02_to_DK05#alt5,5,59,4750.0,2200.0,0.1921,0.0
DB02_to_DK05#alt5,5,60,4800.0,2200.0,0.17,0.0
DB02_to_DK05#alt5,5,61,4850.0,2200.0,0.1517,0.0
DB02_to_DK05#alt5,5,62,4900.0,2250.0,0.1199,0.0
DB02_to_DK05#alt5,5,63,4950.0,2250.0,0.1062,0.0
DB02_to_DK05#alt6,6,0,1800.0,1100.0,0.1183,0.0
DB02_to_DK05#alt6,6,1,1850.0,1150.0,0.1199,0.0
DB02_to_DK05#alt6,6,2,1900.0,1150.0,0.1146,0.0
DB02_to_DK05#alt6,6,3,1950.0,1200.0,0.1432,0.0
DB02_to_DK05#alt6,6,4,2000.0,1200.0,0.1551,0.0
DB02_to_DK05#alt6,6,5,2050.0,1250.0,0.1937,0.0
DB02_to_DK05#alt6,6,6,2100.0,1300.0,0.2407,0.0
DB02_to_DK05#alt6,6,7,2150.0,1300.0,0.253,0.0
DB02_to_DK05#alt6,6,8,2200.0,1350.0,0.3077,0.0
DB02_to_DK05#alt6,6,9,2250.0,1400.0,0.3679,0.0
DB02_to_DK05#alt6,6,10,2300.0,1400.0,0.3679,0.0
DB02_to_DK05#alt6,6,11,2350.0,1450.0,0.4346,0.0
DB02_to_DK05#alt6,6,12,2400.0,1450.0,0.4346,0.0
DB02_to_DK05#alt6,6,13,2450.0,1500.0,0.5134,0.0
DB02_to_DK05#alt6,6,14,2500.0,1550.0,0.6065,0.0
DB02_to_DK05#alt6,6,15,2550.0,1550.0,0.6065,0.0
DB02_to_DK05#alt6,6,16,2600.0,1600.0,0.6889,0.0
DB02_to_DK05#alt6,6,17,2650.0,1650.0,0.7165,0.0
DB02_to_DK05#alt6,6,18,2700.0,1650.0,0.6889,0.0
DB02_to_DK05#alt6,6,19,2750.0,1700.0,0.6889,0.0
DB02_to_DK05#alt6,6,20,2800.0,1700.0,0.6241,0.0
DB02_to_DK05#alt6,6,21,2850.0,1750.0,0.6241,0.0
DB02_to_DK05#alt6,6,22,2900.0,1750.0,0.5483,0.0
DB02_to_DK05#alt6,6,23,2950.0,1750.0,0.4746,0.0
DB02_to_DK05#alt6,6,24,3000.0,1800.0,0.4346,0.0
DB02_to_DK05#alt6,6,25,3050.0,1800.0,0.3784,0.0
DB02_to_DK05#alt6,6,26,3100.0,1800.0,0.3269,0.0
DB02_to_DK05#alt6,6,27,3150.0,1800.0,0.281,0.0
DB02_to_DK05#alt6,6,28,3200.0,1850.0,0.253,0.0
DB02_to_DK05#alt6,6,29,3250.0,1850.0,0.2151,0.0
DB02_to_DK05#alt6,6,30,3300.0,1850.0,0.1827,0.0
DB02_to_DK05#alt6,6,31,3350.0,1850.0,0.1551,0.0
DB02_to_DK05#alt6,6,32,3400.0,1900.0,0.1344,0.0
DB02_to_DK05#alt6,6,33,3450.0,1900.0,0.1138,0.0
DB02_to_DK05#alt6,6,34,3500.0,1900.0,0.0964,0.0
DB02_to_DK05#alt6,6,35,3550.0,1900.0,0.0947,0.0
DB02_to_DK05#alt6,6,36,3600.0,1950.0,0.1082,0.0
DB02_to_DK05#alt6,6,37,3650.0,1950.0,0.1273,0.0
DB02_to_DK05#alt6,6,38,3700.0,1950.0,0.1495,0.0
DB02_to_DK05#alt6,6,39,3750.0,1950.0,0.1755,0.0
DB02_to_DK05#alt6,6,40,3800.0,2000.0,0.1937,0.0
DB02_to_DK05#alt6,6,41,3850.0,2000.0,0.2252,0.0
DB02_to_DK05#alt6,6,42,3900.0,2000.0,0.2609,0.0
DB02_to_DK05#alt6,6,43,3950.0,2000.0,0.3006,0.0
DB02_to_DK05#alt6,6,44,4000.0,2000.0,0.344,0.0
DB02_to_DK05#alt6,6,45,4050.0,2050.0,0.344,0.0
DB02_to_DK05#alt6,6,46,4100.0,2050.0,0.3895,0.0
DB02_to_DK05#alt6,6,47,4150.0,2050.0,0.4346,0.0
DB02_to_DK05#alt6,6,48,4200.0,2050.0,0.4746,0.0
DB02_to_DK05#alt6,6,49,4250.0,2100.0,0.4275,0.0
DB02_to_DK05#alt6,6,50,4300.0,2100.0,0.4346,0.0
DB02_to_DK05#alt6,6,51,4350.0,2100.0,0.4346,0.0
DB02_to_DK05#alt6,6,52,4400.0,2100.0,0.4346,0.0
DB02_to_DK05#alt6,6,53,4450.0,2150.0,0.3628,0.0
DB02_to_DK05#alt6,6,54,4500.0,2150.0,0.3485,0.0
DB02_to_DK05#alt6,6,55,4550.0,2150.0,0.3269,0.0
DB02_to_DK05#alt6,6,56,4600.0,2150.0,0.3006,0.0
DB02_to_DK05#alt6,6,57,4650.0,2200.0,0.2384,0.0
DB02_to_DK05#alt6,6,58,4700.0,2200.0,0.2151,0.0
DB02_to_DK05#alt6,6,59,4750.0,2200.0,0.1921,0.0
DB02_to_DK05#alt6,6,60,4800.0,2200.0,0.17,0.0
DB02_to_DK05#alt6,6,61,4850.0,2250.0,0.1344,0.0
DB02_to_DK05#alt6,6,62,4900.0,2250.0,0.1199,0.0
DB02_to_DK05#alt6,6,63,4950.0,2250.0,0.1062,0.0
DB02_to_DK05#alt7,7,0,1800.0,1100.0,0.1183,0.0
DB02_to_DK05#alt7,7,1,1850.0,1100.0,0.1062,0.0
DB02_to_DK05#alt7,7,2,1900.0,1100.0,0.0987,0.0
DB02_to_DK05#alt7,7,3,1950.0,1100.0,0.1069,0.0
DB02_to_DK05#alt7,7,4,2000.0,1100.0,0.1146,0.0
DB02_to_DK05#alt7,7,5,2050.0,1100.0,0.1215,0.0
DB02_to_DK05#alt7,7,6,2100.0,1100.0,0.1273,0.0
DB02_to_DK05#alt7,7,7,2150.0,1100.0,0.1317,0.0
DB02_to_DK05#alt7,7,8,2200.0,1100.0,0.1344,0.0
DB02_to_DK05#alt7,7,9,2250.0,1100.0,0.1422,0.0
DB02_to_DK05#alt7,7,10,2300.0,1150.0,0.1755,0.0
DB02_to_DK05#alt7,7,11,2350.0,1150.0,0.2057,0.0
DB02_to_DK05#alt7,7,12,2400.0,1150.0,0.2407,0.0
DB02_to_DK05#alt7,7,13,2450.0,1150.0,0.281,0.0
DB02_to_DK05#alt7,7,14,2500.0,1150.0,0.3269,0.0
DB02_to_DK05#alt7,7,15,2550.0,1150.0,0.3784,0.0
DB02_to_DK05#alt7,7,16,2600.0,1150.0,0.4346,0.0
DB02_to_DK05#alt7,7,17,2650.0,1150.0,0.4931,0.0
DB02_to_DK05#alt7,7,18,2700.0,1150.0,0.5483,0.0
DB02_to_DK05#alt7,7,19,2750.0,1150.0,0.6241,0.0
DB02_to_DK05#alt7,7,20,2800.0,1150.0,0.6889,0.0
DB02_to_DK05#alt7,7,21,2850.0,1150.0,0.7165,0.0
DB02_to_DK05#alt7,7,22,2900.0,1150.0,0.7165,0.0
DB02_to_DK05#alt7,7,23,2950.0,1150.0,0.6889,0.0
DB02_to_DK05#alt7,7,24,3000.0,1150.0,0.6241,0.0
DB02_to_DK05#alt7,7,25,3050.0,1150.0,0.5483,0.0
DB02_to_DK05#alt7,7,26,3100.0,1150.0,0.4931,0.0
DB02_to_DK05#alt7,7,27,3150.0,1150.0,0.4346,0.0
DB02_to_DK05#alt7,7,28,3200.0,1150.0,0.3784,0.0
DB02_to_DK05#alt7,7,29,3250.0,1200.0,0.3485,0.0
DB02_to_DK05#alt7,7,30,3300.0,1200.0,0.2972,0.0
DB02_to_DK05#alt7,7,31,3350.0,1200.0,0.253,0.0
DB02_to_DK05#alt7,7,32,3400.0,1200.0,0.2151,0.0
DB02_to_DK05#alt7,7,33,3450.0,1200.0,0.1937,0.0
DB02_to_DK05#alt7,7,34,3500.0,1200.0,0.2057,0.0
DB02_to_DK05#alt7,7,35,3550.0,1200.0,0.2151,0.0
DB02_to_DK05#alt7,7,36,3600.0,1200.0,0.2211,0.0
DB02_to_DK05#alt7,7,37,3650.0,1200.0,0.2231,0.0
DB02_to_DK05#alt7,7,38,3700.0,1200.0,0.2231,0.0
DB02_to_DK05#alt7,7,39,3750.0,1200.0,0.2211,0.0
DB02_to_DK05#alt7,7,40,3800.0,1200.0,0.2151,0.0
DB02_to_DK05#alt7,7,41,3850.0,1200.0,0.2057,0.0
DB02_to_DK05#alt7,7,42,3900.0,1200.0,0.1937,0.0
DB02_to_DK05#alt7,7,43,3950.0,1200.0,0.1798,0.0
DB02_to_DK05#alt7,7,44,4000.0,1200.0,0.1648,0.0
DB02_to_DK05#alt7,7,45,4050.0,1200.0,0.1551,0.0
DB02_to_DK05#alt7,7,46,4100.0,1200.0,0.1661,0.0
DB02_to_DK05#alt7,7,47,4150.0,1200.0,0.1755,0.0
DB02_to_DK05#alt7,7,48,4200.0,1250.0,0.2151,0.0
DB02_to_DK05#alt7,7,49,4250.0,1250.0,0.2211,0.0
DB02_to_DK05#alt7,7,50,4300.0,1250.0,0.2231,0.0
DB02_to_DK05#alt7,7,51,4350.0,1250.0,0.2231,0.0
DB02_to_DK05#alt7,7,52,4400.0,1250.0,0.2231,0.0
DB02_to_DK05#alt7,7,53,4450.0,1250.0,0.2211,0.0
DB02_to_DK05#alt7,7,54,4500.0,1250.0,0.2151,0.0
DB02_to_DK05#alt7,7,55,4550.0,1250.0,0.2057,0.0
DB02_to_DK05#alt7,7,56,4600.0,1250.0,0.1937,0.0
DB02_to_DK05#alt7,7,57,4650.0,1250.0,0.1798,0.0
DB02_to_DK05#alt7,7,58,4650.0,1300.0,0.2076,0.0
DB02_to_DK05#alt7,7,59,4700.0,1350.0,0.2151,0.0
DB02_to_DK05#alt7,7,60,4700.0,1400.0,0.2431,0.0
DB02_to_DK05#alt7,7,61,4700.0,1450.0,0.2721,0.0
DB02_to_DK05#alt7,7,62,4700.0,1500.0,0.3077,0.0
DB02_to_DK05#alt7,7,63,4750.0,1550.0,0.3006,0.0
DB02_to_DK05#alt7,7,64,4750.0,1600.0,0.3269,0.0
DB02_to_DK05#alt7,7,65,4750.0,1650.0,0.3485,0.0
DB02_to_DK05#alt7,7,66,4800.0,1700.0,0.3077,0.0
DB02_to_DK05#alt7,7,67,4800.0,1750.0,0.3114,0.0
DB02_to_DK05#alt7,7,68,4800.0,1800.0,0.3114,0.0
DB02_to_DK05#alt7,7,69,4850.0,1850.0,0.2609,0.0
DB02_to_DK05#alt7,7,70,4850.0,1900.0,0.253,0.0
DB02_to_DK05#alt7,7,71,4850.0,1950.0,0.2407,0.0
DB02_to_DK05#alt7,7,72,4850.0,2000.0,0.2252,0.0
DB02_to_DK05#alt7,7,73,4900.0,2050.0,0.1798,0.0
DB02_to_DK05#alt7,7,74,4900.0,2100.0,0.1648,0.0
DB02_to_DK05#alt7,7,75,4900.0,2150.0,0.1495,0.0
DB02_to_DK05#alt7,7,76,4950.0,2200.0,0.1183,0.0
DB02_to_DK05#alt7,7,77,4950.0,2250.0,0.1062,0.0
DB01_to_DK02#alt0,0,0,1000.0,3900.0,0.7165,0.0
DB01_to_DK02#alt0,0,1,1050.0,3950.0,0.6889,0.0
DB01_to_DK02#alt0,0,2,1100.0,3950.0,0.7165,0.0
DB01_to_DK02#alt0,0,3,1150.0,4000.0,0.6241,0.0
DB01_to_DK02#alt0,0,4,1200.0,4050.0,0.6241,0.0
DB01_to_DK02#alt0,0,5,1250.0,4050.0,0.6889,0.0
DB01_to_DK02#alt0,0,6,1300.0,4000.0,0.6889,0.0
DB01_to_DK02#alt0,0,7,1350.0,4000.0,0.6241,0.0
DB01_to_DK02#alt0,0,8,1400.0,3950.0,0.7165,0.0
DB01_to_DK02#alt0,0,9,1450.0,3950.0,0.6889,0.0
DB01_to_DK02#alt0,0,10,1500.0,3900.0,0.7165,0.0
DB01_to_DK02#alt0,0,11,1550.0,3900.0,0.6889,0.0
DB01_to_DK02#alt0,0,12,1600.0,3850.0,0.6889,0.0
DB01_to_DK02#alt0,0,13,1650.0,3850.0,0.6241,0.0
DB01_to_DK02#alt0,0,14,1700.0,3800.0,0.5903,0.0
DB01_to_DK02#alt0,0,15,1750.0,3800.0,0.5134,0.0
DB01_to_DK02#alt0,0,16,1800.0,3800.0,0.503,0.0
DB01_to_DK02#alt0,0,17,1850.0,3750.0,0.6065,0.0
DB01_to_DK02#alt0,0,18,1900.0,3750.0,0.6065,0.0
DB01_to_DK02#alt0,0,19,1950.0,3750.0,0.6065,0.0
DB01_to_DK02#alt0,0,20,2000.0,3750.0,0.6065,0.0
DB01_to_DK02#alt0,0,21,2050.0,3700.0,0.7165,0.0
DB01_to_DK02#alt0,0,22,2100.0,3700.0,0.6889,0.0
DB01_to_DK02#alt0,0,23,2150.0,3700.0,0.6241,0.0
DB01_to_DK02#alt0,0,24,2200.0,3650.0,0.6241,0.0
DB01_to_DK02#alt0,0,25,2250.0,3650.0,0.5483,0.0
DB01_to_DK02#alt0,0,26,2300.0,3600.0,0.5483,0.0
DB01_to_DK02#alt0,0,27,2350.0,3550.0,0.503,0.0
DB01_to_DK02#alt0,0,28,2400.0,3500.0,0.4346,0.0
DB01_to_DK02#alt0,0,29,2450.0,3450.0,0.3679,0.0
DB01_to_DK02#alt0,0,30,2500.0,3400.0,0.3114,0.0
DB01_to_DK02#alt0,0,31,2550.0,3350.0,0.3114,0.0
DB01_to_DK02#alt0,0,32,2600.0,3300.0,0.3628,0.0
DB01_to_DK02#alt0,0,33,2650.0,3250.0,0.4076,0.0
DB01_to_DK02#alt0,0,34,2700.0,3200.0,0.4346,0.0
DB01_to_DK02#alt0,0,35,2750.0,3150.0,0.4346,0.0
DB01_to_DK02#alt0,0,36,2800.0,3100.0,0.4346,0.0
DB01_to_DK02#alt0,0,37,2850.0,3050.0,0.4076,0.0
DB01_to_DK02#alt0,0,38,2900.0,3000.0,0.4076,0.0
DB01_to_DK02#alt0,0,39,2950.0,2950.0,0.4346,0.0
DB01_to_DK02#alt0,0,40,3000.0,2900.0,0.4346,0.0
DB01_to_DK02#alt0,0,41,3050.0,2850.0,0.4346,0.0
DB01_to_DK02#alt0,0,42,3100.0,2800.0,0.4346,0.0
DB01_to_DK02#alt0,0,43,3150.0,2750.0,0.4076,0.0
DB01_to_DK02#alt0,0,44,3200.0,2700.0,0.3628,0.0
DB01_to_DK02#alt0,0,45,3250.0,2650.0,0.3114,0.0
DB01_to_DK02#alt0,0,46,3300.0,2600.0,0.2636,0.0
DB01_to_DK02#alt0,0,47,3350.0,2550.0,0.2231,0.0
DB01_to_DK02#alt0,0,48,3400.0,2500.0,0.1889,0.0
DB01_to_DK02#alt0,0,49,3450.0,2450.0,0.1599,0.0
DB01_to_DK02#alt0,0,50,3500.0,2400.0,0.1432,0.0
DB01_to_DK02#alt0,0,51,3550.0,2350.0,0.1495,0.0
DB01_to_DK02#alt0,0,52,3600.0,2300.0,0.1517,0.0
DB01_to_DK02#alt0,0,53,3650.0,2250.0,0.1517,0.0
DB01_to_DK02#alt0,0,54,3700.0,2200.0,0.1495,0.0
DB01_to_DK02#alt0,0,55,3750.0,2150.0,0.1432,0.0
DB01_to_DK02#alt1,1,0,1000.0,3900.0,0.7165,0.0
DB01_to_DK02#alt1,1,1,950.0,3950.0,0.5903,0.0
DB01_to_DK02#alt1,1,2,900.0,3950.0,0.5483,0.0
DB01_to_DK02#alt1,1,3,850.0,4000.0,0.4346,0.0
DB01_to_DK02#alt1,1,4,800.0,4000.0,0.4076,0.0
DB01_to_DK02#alt1,1,5,750.0,4050.0,0.4346,0.0
DB01_to_DK02#alt1,1,6,700.0,4050.0,0.4275,0.0
DB01_to_DK02#alt1,1,7,650.0,4100.0,0.5134,0.0
DB01_to_DK02#alt1,1,8,600.0,4100.0,0.5134,0.0
DB01_to_DK02#alt1,1,9,550.0,4150.0,0.6065,0.0
DB01_to_DK02#alt1,1,10,500.0,4150.0,0.6065,0.0
DB01_to_DK02#alt1,1,11,450.0,4200.0,0.7165,0.0
DB01_to_DK02#alt1,1,12,400.0,4200.0,0.6889,0.0
DB01_to_DK02#alt1,1,13,350.0,4250.0,0.6889,0.0
DB01_to_DK02#alt1,1,14,300.0,4250.0,0.6241,0.0
DB01_to_DK02#alt1,1,15,250.0,4300.0,0.5903,0.0
DB01_to_DK02#alt1,1,16,200.0,4300.0,0.503,0.0
DB01_to_DK02#alt1,1,17,150.0,4350.0,0.4746,0.0
DB01_to_DK02#alt1,1,18,200.0,4400.0,0.5903,0.0
DB01_to_DK02#alt1,1,19,200.0,4450.0,0.6065,0.0
DB01_to_DK02#alt1,1,20,250.0,4500.0,0.7165,0.0
DB01_to_DK02#alt1,1,21,250.0,4550.0,0.6889,0.0
DB01_to_DK02#alt1,1,22,300.0,4600.0,0.6889,0.0
DB01_to_DK02#alt1,1,23,300.0,4650.0,0.6241,0.0
DB01_to_DK02#alt1,1,24,350.0,4700.0,0.6241,0.0
DB01_to_DK02#alt1,1,25,400.0,4750.0,0.5903,0.0
DB01_to_DK02#alt1,1,26,400.0,4800.0,0.503,0.0
DB01_to_DK02#alt1,1,27,450.0,4850.0,0.4746,0.0
DB01_to_DK02#alt1,1,28,450.0,4900.0,0.4076,0.0
DB01_to_DK02#alt1,1,29,500.0,4950.0,0.3628,0.0
DB01_to_DK02#alt1,1,30,550.0,4950.0,0.3679,0.0
DB01_to_DK02#alt1,1,31,600.0,4950.0,0.3628,0.0
DB01_to_DK02#alt1,1,32,650.0,4950.0,0.3485,0.0
DB01_to_DK02#alt1,1,33,700.0,4950.0,0.3269,0.0
DB01_to_DK02#alt1,1,34,750.0,4950.0,0.3006,0.0
DB01_to_DK02#alt1,1,35,800.0,4950.0,0.281,0.0
DB01_to_DK02#alt1,1,36,850.0,4950.0,0.2609,0.0
DB01_to_DK02#alt1,1,37,900.0,4950.0,0.2384,0.0
DB01_to_DK02#alt1,1,38,950.0,4950.0,0.2151,0.0
DB01_to_DK02#alt1,1,39,1000.0,4950.0,0.1921,0.0
DB01_to_DK02#alt1,1,40,1050.0,4950.0,0.17,0.0
DB01_to_DK02#alt1,1,41,1100.0,4950.0,0.1755,0.0
DB01_to_DK02#alt1,1,42,1150.0,4950.0,0.1827,0.0
DB01_to_DK02#alt1,1,43,1200.0,4950.0,0.1873,0.0
DB01_to_DK02#alt1,1,44,1250.0,4950.0,0.1889,0.0
DB01_to_DK02#alt1,1,45,1300.0,4950.0,0.1889,0.0
DB01_to_DK02#alt1,1,46,1350.0,4950.0,0.1889,0.0
DB01_to_DK02#alt1,1,47,1400.0,4950.0,0.1889,0.0
DB01_to_DK02#alt1,1,48,1450.0,4950.0,0.2076,0.0
DB01_to_DK02#alt1,1,49,1500.0,4950.0,0.2384,0.0
DB01_to_DK02#alt1,1,50,1550.0,4950.0,0.2721,0.0
DB01_to_DK02#alt1,1,51,1600.0,4950.0,0.3077,0.0
DB01_to_DK02#alt1,1,52,1650.0,4950.0,0.344,0.0
DB01_to_DK02#alt1,1,53,1700.0,4950.0,0.3895,0.0
DB01_to_DK02#alt1,1,54,1750.0,4950.0,0.4346,0.0
DB01_to_DK02#alt1,1,55,1800.0,4950.0,0.4931,0.0
DB01_to_DK02#alt1,1,56,1850.0,4950.0,0.5483,0.0
DB01_to_DK02#alt1,1,57,1900.0,4950.0,0.6241,0.0
DB01_to_DK02#alt1,1,58,1950.0,4950.0,0.6889,0.0
DB01_to_DK02#alt1,1,59,2000.0,4950.0,0.7165,0.0
DB01_to_DK02#alt1,1,60,2050.0,4950.0,0.7165,0.0
DB01_to_DK02#alt1,1,61,2100.0,4950.0,0.6889,0.0
DB01_to_DK02#alt1,1,62,2150.0,4950.0,0.6241,0.0
DB01_to_DK02#alt1,1,63,2200.0,4900.0,0.6889,0.0
DB01_to_DK02#alt1,1,64,2250.0,4900.0,0.6241,0.0
DB01_to_DK02#alt1,1,65,2300.0,4850.0,0.6241,0.0
DB01_to_DK02#alt1,1,66,2350.0,4850.0,0.5483,0.0
DB01_to_DK02#alt1,1,67,2400.0,4850.0,0.4746,0.0
DB01_to_DK02#alt1,1,68,2450.0,4800.0,0.4275,0.0
DB01_to_DK02#alt1,1,69,2500.0,4800.0,0.3628,0.0
DB01_to_DK02#alt1,1,70,2550.0,4750.0,0.3114,0.0
DB01_to_DK02#alt1,1,71,2600.0,4750.0,0.2636,0.0
DB01_to_DK02#alt1,1,72,2650.0,4750.0,0.2609,0.0
DB01_to_DK02#alt1,1,73,2700.0,4700.0,0.3269,0.0
DB01_to_DK02#alt1,1,74,2750.0,4700.0,0.3485,0.0
DB01_to_DK02#alt1,1,75,2800.0,4650.0,0.4346,0.0
DB01_to_DK02#alt1,1,76,2850.0,4650.0,0.4746,0.0
DB01_to_DK02#alt1,1,77,2900.0,4650.0,0.503,0.0
DB01_to_DK02#alt1,1,78,2950.0,4600.0,0.6065,0.0
DB01_to_DK02#alt1,1,79,3000.0,4600.0,0.6065,0.0
DB01_to_DK02#alt1,1,80,3050.0,4550.0,0.7165,0.0
DB01_to_DK02#alt1,1,81,3100.0,4550.0,0.6889,0.0
DB01_to_DK02#alt1,1,82,3150.0,4550.0,0.6241,0.0
DB01_to_DK02#alt1,1,83,3200.0,4500.0,0.6889,0.0
DB01_to_DK02#alt1,1,84,3250.0,4500.0,0.6241,0.0
DB01_to_DK02#alt1,1,85,3300.0,4450.0,0.6241,0.0
DB01_to_DK02#alt1,1,86,3350.0,4450.0,0.5483,0.0
DB01_to_DK02#alt1,1,87,3400.0,4450.0,0.4746,0.0
DB01_to_DK02#alt1,1,88,3450.0,4400.0,0.4346,0.0
DB01_to_DK02#alt1,1,89,3500.0,4400.0,0.4346,0.0
DB01_to_DK02#alt1,1,90,3550.0,4400.0,0.4746,0.0
DB01_to_DK02#alt1,1,91,3600.0,4350.0,0.5903,0.0
DB01_to_DK02#alt1,1,92,3650.0,4350.0,0.6065,0.0
DB01_to_DK02#alt1,1,93,3700.0,4300.0,0.7165,0.0
DB01_to_DK02#alt1,1,94,3750.0,4300.0,0.7165,0.0
DB01_to_DK02#alt1,1,95,3800.0,4300.0,0.6889,0.0
DB01_to_DK02#alt1,1,96,3850.0,4250.0,0.6889,0.0
DB01_to_DK02#alt1,1,97,3900.0,4250.0,0.6241,0.0
DB01_to_DK02#alt1,1,98,3950.0,4200.0,0.5903,0.0
DB01_to_DK02#alt1,1,99,4000.0,4200.0,0.503,0.0
DB01_to_DK02#alt1,1,100,4050.0,4200.0,0.4275,0.0
DB01_to_DK02#alt1,1,101,4100.0,4150.0,0.3679,0.0
DB01_to_DK02#alt1,1,102,4150.0,4150.0,0.3114,0.0
DB01_to_DK02#alt1,1,103,4200.0,4100.0,0.3077,0.0
DB01_to_DK02#alt1,1,104,4250.0,4100.0,0.2721,0.0
DB01_to_DK02#alt1,1,105,4300.0,4100.0,0.2384,0.0
DB01_to_DK02#alt1,1,106,4350.0,4050.0,0.2252,0.0
DB01_to_DK02#alt1,1,107,4400.0,4050.0,0.1937,0.0
DB01_to_DK02#alt1,1,108,4450.0,4000.0,0.1755,0.0
DB01_to_DK02#alt1,1,109,4500.0,4000.0,0.1495,0.0
DB01_to_DK02#alt1,1,110,4550.0,4000.0,0.1273,0.0
DB01_to_DK02#alt1,1,111,4600.0,3950.0,0.1117,0.0
DB01_to_DK02#alt1,1,112,4650.0,3950.0,0.0947,0.0
DB01_to_DK02#alt1,1,113,4700.0,3900.0,0.0816,0.0
DB01_to_DK02#alt1,1,114,4750.0,3900.0,0.0691,0.0
DB01_to_DK02#alt1,1,115,4750.0,3850.0,0.0695,0.0
DB01_to_DK02#alt1,1,116,4700.0,3800.0,0.0854,0.0
DB01_to_DK02#alt1,1,117,4700.0,3750.0,0.092,0.0
DB01_to_DK02#alt1,1,118,4700.0,3700.0,0.0981,0.0
DB01_to_DK02#alt1,1,119,4650.0,3650.0,0.1215,0.0
DB01_to_DK02#alt1,1,120,4650.0,3600.0,0.1273,0.0
DB01_to_DK02#alt1,1,121,4650.0,3550.0,0.1317,0.0
DB01_to_DK02#alt1,1,122,4600.0,3500.0,0.1587,0.0
DB01_to_DK02#alt1,1,123,4600.0,3450.0,0.1599,0.0
DB01_to_DK02#alt1,1,124,4600.0,3400.0,0.1599,0.0
DB01_to_DK02#alt1,1,125,4550.0,3350.0,0.1873,0.0
DB01_to_DK02#alt1,1,126,4550.0,3300.0,0.1921,0.0
DB01_to_DK02#alt1,1,127,4550.0,3250.0,0.2151,0.0
DB01_to_DK02#alt1,1,128,4500.0,3200.0,0.2721,0.0
DB01_to_DK02#alt1,1,129,4500.0,3150.0,0.3077,0.0
DB01_to_DK02#alt1,1,130,4500.0,3100.0,0.344,0.0
DB01_to_DK02#alt1,1,131,4500.0,3050.0,0.3784,0.0
DB01_to_DK02#alt1,1,132,4450.0,3000.0,0.4746,0.0
DB01_to_DK02#alt1,1,133,4450.0,2950.0,0.503,0.0
DB01_to_DK02#alt1,1,134,4450.0,2900.0,0.5483,0.0
DB01_to_DK02#alt1,1,135,4400.0,2850.0,0.6889,0.0
DB01_to_DK02#alt1,1,136,4400.0,2800.0,0.7165,0.0
DB01_to_DK02#alt1,1,137,4400.0,2750.0,0.6889,0.0
DB01_to_DK02#alt1,1,138,4350.0,2700.0,0.7165,0.0
DB01_to_DK02#alt1,1,139,4350.0,2650.0,0.6889,0.0
DB01_to_DK02#alt1,1,140,4350.0,2600.0,0.6241,0.0
DB01_to_DK02#alt1,1,141,4300.0,2550.0,0.6241,0.0
DB01_to_DK02#alt1,1,142,4300.0,2500.0,0.5483,0.0
DB01_to_DK02#alt1,1,143,4300.0,2450.0,0.4746,0.0
DB01_to_DK02#alt1,1,144,4250.0,2400.0,0.4275,0.0
DB01_to_DK02#alt1,1,145,4250.0,2350.0,0.3628,0.0
DB01_to_DK02#alt1,1,146,4200.0,2350.0,0.3679,0.0
DB01_to_DK02#alt1,1,147,4150.0,2300.0,0.3114,0.0
DB01_to_DK02#alt1,1,148,4100.0,2300.0,0.3114,0.0
DB01_to_DK02#alt1,1,149,4050.0,2250.0,0.2636,0.0
DB01_to_DK02#alt1,1,150,4000.0,2250.0,0.2609,0.0
DB01_to_DK02#alt1,1,151,3950.0,2250.0,0.253,0.0
DB01_to_DK02#alt1,1,152,3900.0,2200.0,0.2057,0.0
DB01_to_DK02#alt1,1,153,3850.0,2200.0,0.1937,0.0
DB01_to_DK02#alt1,1,154,3800.0,2150.0,0.1551,0.0
DB01_to_DK02#alt1,1,155,3750.0,2150.0,0.1432,0.0
DB01_to_DK02#alt2,2,0,1000.0,3900.0,0.7165,0.0
DB01_to_DK02#alt2,2,1,1050.0,3950.0,0.6889,0.0
DB01_to_DK02#alt2,2,2,1100.0,3950.0,0.7165,0.0
DB01_to_DK02#alt2,2,3,1150.0,4000.0,0.6241,0.0
DB01_to_DK02#alt2,2,4,1200.0,4000.0,0.6889,0.0
DB01_to_DK02#alt2,2,5,1250.0,4050.0,0.6889,0.0
DB01_to_DK02#alt2,2,6,1300.0,4000.0,0.6889,0.0
DB01_to_DK02#alt2,2,7,1350.0,4000.0,0.6241,0.0
DB01_to_DK02#alt2,2,8,1400.0,3950.0,0.7165,0.0
DB01_to_DK02#alt2,2,9,1450.0,3950.0,0.6889,0.0
DB01_to_DK02#alt2,2,10,1500.0,3900.0,0.7165,0.0
DB01_to_DK02#alt2,2,11,1550.0,3900.0,0.6889,0.0
DB01_to_DK02#alt2,2,12,1600.0,3850.0,0.6889,0.0
DB01_to_DK02#alt2,2,13,1650.0,3800.0,0.6889,0.0
DB01_to_DK02#alt2,2,14,1700.0,3800.0,0.5903,0.0
DB01_to_DK02#alt2,2,15,1750.0,3800.0,0.5134,0.0
DB01_to_DK02#alt2,2,16,1800.0,3850.0,0.5903,0.0
DB01_to_DK02#alt2,2,17,1850.0,3850.0,0.5483,0.0
DB01_to_DK02#alt2,2,18,1900.0,3850.0,0.503,0.0
DB01_to_DK02#alt2,2,19,1950.0,3850.0,0.4746,0.0
DB01_to_DK02#alt2,2,20,2000.0,3850.0,0.4346,0.0
DB01_to_DK02#alt2,2,21,2050.0,3900.0,0.4346,0.0
DB01_to_DK02#alt2,2,22,2100.0,3900.0,0.3895,0.0
DB01_to_DK02#alt2,2,23,2150.0,3900.0,0.4275,0.0
DB01_to_DK02#alt2,2,24,2200.0,3900.0,0.503,0.0
DB01_to_DK02#alt2,2,25,2250.0,3900.0,0.5903,0.0
DB01_to_DK02#alt2,2,26,2300.0,3900.0,0.6889,0.0
DB01_to_DK02#alt2,2,27,2350.0,3950.0,0.6889,0.0
DB01_to_DK02#alt2,2,28,2400.0,3950.0,0.7165,0.0
DB01_to_DK02#alt2,2,29,2450.0,3950.0,0.7165,0.0
DB01_to_DK02#alt2,2,30,2500.0,3950.0,0.7165,0.0
DB01_to_DK02#alt2,2,31,2550.0,3950.0,0.6889,0.0
DB01_to_DK02#alt2,2,32,2600.0,4000.0,0.5483,0.0
DB01_to_DK02#alt2,2,33,2650.0,4000.0,0.5903,0.0
DB01_to_DK02#alt2,2,34,2700.0,4000.0,0.6889,0.0
DB01_to_DK02#alt2,2,35,2700.0,3950.0,0.6241,0.0
DB01_to_DK02#alt2,2,36,2700.0,3900.0,0.5483,0.0
DB01_to_DK02#alt2,2,37,2700.0,3850.0,0.5134,0.0
DB01_to_DK02#alt2,2,38,2750.0,3800.0,0.4746,0.0
DB01_to_DK02#alt2,2,39,2750.0,3750.0,0.4346,0.0
DB01_to_DK02#alt2,2,40,2750.0,3700.0,0.4346,0.0
DB01_to_DK02#alt2,2,41,2750.0,3650.0,0.4931,0.0
DB01_to_DK02#alt2,2,42,2750.0,3600.0,0.5483,0.0
DB01_to_DK02#alt2,2,43,2750.0,3550.0,0.5903,0.0
DB01_to_DK02#alt2,2,44,2750.0,3500.0,0.6065,0.0
DB01_to_DK02#alt2,2,45,2750.0,3450.0,0.6065,0.0
DB01_to_DK02#alt2,2,46,2800.0,3400.0,0.7165,0.0
DB01_to_DK02#alt2,2,47,2800.0,3350.0,0.7165,0.0
DB01_to_DK02#alt2,2,48,2800.0,3300.0,0.6889,0.0
DB01_to_DK02#alt2,2,49,2800.0,3250.0,0.6241,0.0
DB01_to_DK02#alt2,2,50,2850.0,3250.0,0.6889,0.0
DB01_to_DK02#alt2,2,51,2900.0,3200.0,0.6889,0.0
DB01_to_DK02#alt2,2,52,2950.0,3200.0,0.7165,0.0
DB01_to_DK02#alt2,2,53,3000.0,3150.0,0.6065,0.0
DB01_to_DK02#alt2,2,54,3050.0,3100.0,0.7165,0.0
DB01_to_DK02#alt2,2,55,3050.0,3050.0,0.6889,0.0
DB01_to_DK02#alt2,2,56,3100.0,3000.0,0.6889,0.0
DB01_to_DK02#alt2,2,57,3150.0,2950.0,0.6889,0.0
DB01_to_DK02#alt2,2,58,3200.0,2900.0,0.6889,0.0
DB01_to_DK02#alt2,2,59,3250.0,2850.0,0.6065,0.0
DB01_to_DK02#alt2,2,60,3300.0,2800.0,0.5134,0.0
DB01_to_DK02#alt2,2,61,3300.0,2750.0,0.4346,0.0
DB01_to_DK02#alt2,2,62,3350.0,2700.0,0.3679,0.0
DB01_to_DK02#alt2,2,63,3400.0,2650.0,0.3114,0.0
DB01_to_DK02#alt2,2,64,3450.0,2600.0,0.2636,0.0
DB01_to_DK02#alt2,2,65,3500.0,2550.0,0.2231,0.0
DB01_to_DK02#alt2,2,66,3500.0,2500.0,0.1889,0.0
DB01_to_DK02#alt2,2,67,3550.0,2450.0,0.1798,0.0
DB01_to_DK02#alt2,2,68,3600.0,2400.0,0.1889,0.0
DB01_to_DK02#alt2,2,69,3600.0,2350.0,0.17,0.0
DB01_to_DK02#alt2,2,70,3650.0,2300.0,0.17,0.0
DB01_to_DK02#alt2,2,71,3700.0,2250.0,0.17,0.0
DB01_to_DK02#alt2,2,72,3700.0,2200.0,0.1495,0.0
DB01_to_DK02#alt2,2,73,3750.0,2150.0,0.1432,0.0
DB01_to_DK02#alt3,3,0,1000.0,3900.0,0.7165,0.0
DB01_to_DK02#alt3,3,1,950.0,3950.0,0.5903,0.0
DB01_to_DK02#alt3,3,2,900.0,3950.0,0.5483,0.0
DB01_to_DK02#alt3,3,3,850.0,4000.0,0.4346,0.0
DB01_to_DK02#alt3,3,4,800.0,4000.0,0.4076,0.0
DB01_to_DK02#alt3,3,5,750.0,4050.0,0.4346,0.0
DB01_to_DK02#alt3,3,6,700.0,4050.0,0.4275,0.0
DB01_to_DK02#alt3,3,7,650.0,4100.0,0.5134,0.0
DB01_to_DK02#alt3,3,8,600.0,4100.0,0.5134,0.0
DB01_to_DK02#alt3,3,9,550.0,4150.0,0.6065,0.0
DB01_to_DK02#alt3,3,10,500.0,4150.0,0.6065,0.0
DB01_to_DK02#alt3,3,11,450.0,4200.0,0.7165,0.0
DB01_to_DK02#alt3,3,12,400.0,4200.0,0.6889,0.0
DB01_to_DK02#alt3,3,13,350.0,4250.0,0.6889,0.0
DB01_to_DK02#alt3,3,14,300.0,4250.0,0.6241,0.0
DB01_to_DK02#alt3,3,15,250.0,4300.0,0.5903,0.0
DB01_to_DK02#alt3,3,16,200.0,4300.0,0.503,0.0
DB01_to_DK02#alt3,3,17,150.0,4350.0,0.4746,0.0
DB01_to_DK02#alt3,3,18,100.0,4350.0,0.4076,0.0
DB01_to_DK02#alt3,3,19,50.0,4400.0,0.3628,0.0
DB01_to_DK02#alt3,3,20,100.0,4450.0,0.4346,0.0
DB01_to_DK02#alt3,3,21,150.0,4500.0,0.5134,0.0
DB01_to_DK02#alt3,3,22,200.0,4500.0,0.6065,0.0
DB01_to_DK02#alt3,3,23,250.0,4550.0,0.6889,0.0
DB01_to_DK02#alt3,3,24,300.0,4600.0,0.6889,0.0
DB01_to_DK02#alt3,3,25,350.0,4650.0,0.6889,0.0
DB01_to_DK02#alt3,3,26,400.0,4700.0,0.6889,0.0
DB01_to_DK02#alt3,3,27,450.0,4750.0,0.6241,0.0
DB01_to_DK02#alt3,3,28,500.0,4750.0,0.6889,0.0
DB01_to_DK02#alt3,3,29,550.0,4800.0,0.6065,0.0
DB01_to_DK02#alt3,3,30,600.0,4850.0,0.503,0.0
DB01_to_DK02#alt3,3,31,650.0,4850.0,0.4746,0.0
DB01_to_DK02#alt3,3,32,700.0,4850.0,0.4346,0.0
DB01_to_DK02#alt3,3,33,750.0,4850.0,0.4076,0.0
DB01_to_DK02#alt3,3,34,800.0,4850.0,0.3784,0.0
DB01_to_DK02#alt3,3,35,850.0,4850.0,0.344,0.0
DB01_to_DK02#alt3,3,36,900.0,4850.0,0.3077,0.0
DB01_to_DK02#alt3,3,37,950.0,4850.0,0.2721,0.0
DB01_to_DK02#alt3,3,38,1000.0,4900.0,0.2151,0.0
DB01_to_DK02#alt3,3,39,1050.0,4900.0,0.1937,0.0
DB01_to_DK02#alt3,3,40,1100.0,4900.0,0.2057,0.0
DB01_to_DK02#alt3,3,41,1150.0,4900.0,0.2151,0.0
DB01_to_DK02#alt3,3,42,1200.0,4900.0,0.2211,0.0
DB01_to_DK02#alt3,3,43,1250.0,4900.0,0.2231,0.0
DB01_to_DK02#alt3,3,44,1300.0,4900.0,0.2231,0.0
DB01_to_DK02#alt3,3,45,1350.0,4900.0,0.2231,0.0
DB01_to_DK02#alt3,3,46,1400.0,4900.0,0.2231,0.0
DB01_to_DK02#alt3,3,47,1450.0,4900.0,0.2252,0.0
DB01_to_DK02#alt3,3,48,1500.0,4900.0,0.2609,0.0
DB01_to_DK02#alt3,3,49,1550.0,4900.0,0.3006,0.0
DB01_to_DK02#alt3,3,50,1600.0,4900.0,0.344,0.0
DB01_to_DK02#alt3,3,51,1650.0,4900.0,0.3895,0.0
DB01_to_DK02#alt3,3,52,1700.0,4900.0,0.4346,0.0
DB01_to_DK02#alt3,3,53,1750.0,4950.0,0.4346,0.0
DB01_to_DK02#alt3,3,54,1800.0,4950.0,0.4931,0.0
DB01_to_DK02#alt3,3,55,1850.0,4950.0,0.5483,0.0
DB01_to_DK02#alt3,3,56,1900.0,4950.0,0.6241,0.0
DB01_to_DK02#alt3,3,57,1950.0,4950.0,0.6889,0.0
DB01_to_DK02#alt3,3,58,2000.0,4950.0,0.7165,0.0
DB01_to_DK02#alt3,3,59,2050.0,4950.0,0.7165,0.0
DB01_to_DK02#alt3,3,60,2100.0,4950.0,0.6889,0.0
DB01_to_DK02#alt3,3,61,2150.0,4950.0,0.6241,0.0
DB01_to_DK02#alt3,3,62,2200.0,4900.0,0.6889,0.0
DB01_to_DK02#alt3,3,63,2250.0,4900.0,0.6241,0.0
DB01_to_DK02#alt3,3,64,2300.0,4850.0,0.6241,0.0
DB01_to_DK02#alt3,3,65,2350.0,4850.0,0.5483,0.0
DB01_to_DK02#alt3,3,66,2400.0,4850.0,0.4746,0.0
DB01_to_DK02#alt3,3,67,2450.0,4800.0,0.4275,0.0
DB01_to_DK02#alt3,3,68,2500.0,4800.0,0.3628,0.0
DB01_to_DK02#alt3,3,69,2550.0,4800.0,0.3077,0.0
DB01_to_DK02#alt3,3,70,2600.0,4750.0,0.2636,0.0
DB01_to_DK02#alt3,3,71,2650.0,4750.0,0.2609,0.0
DB01_to_DK02#alt3,3,72,2700.0,4700.0,0.3269,0.0
DB01_to_DK02#alt3,3,73,2750.0,4700.0,0.3485,0.0
DB01_to_DK02#alt3,3,74,2800.0,4700.0,0.3784,0.0
DB01_to_DK02#alt3,3,75,2850.0,4650.0,0.4746,0.0
DB01_to_DK02#alt3,3,76,2900.0,4650.0,0.503,0.0
DB01_to_DK02#alt3,3,77,2950.0,4650.0,0.5134,0.0
DB01_to_DK02#alt3,3,78,3000.0,4600.0,0.6065,0.0
DB01_to_DK02#alt3,3,79,3050.0,4600.0,0.6065,0.0
DB01_to_DK02#alt3,3,80,3100.0,4550.0,0.6889,0.0
DB01_to_DK02#alt3,3,81,3150.0,4550.0,0.6241,0.0
DB01_to_DK02#alt3,3,82,3200.0,4550.0,0.5903,0.0
DB01_to_DK02#alt3,3,83,3250.0,4500.0,0.6241,0.0
DB01_to_DK02#alt3,3,84,3300.0,4500.0,0.5483,0.0
DB01_to_DK02#alt3,3,85,3350.0,4450.0,0.5483,0.0
DB01_to_DK02#alt3,3,86,3400.0,4450.0,0.4746,0.0
DB01_to_DK02#alt3,3,87,3450.0,4450.0,0.4076,0.0
DB01_to_DK02#alt3,3,88,3500.0,4400.0,0.4346,0.0
DB01_to_DK02#alt3,3,89,3550.0,4400.0,0.4746,0.0
DB01_to_DK02#alt3,3,90,3600.0,4400.0,0.503,0.0
DB01_to_DK02#alt3,3,91,3650.0,4350.0,0.6065,0.0
DB01_to_DK02#alt3,3,92,3700.0,4350.0,0.6065,0.0
DB01_to_DK02#alt3,3,93,3750.0,4300.0,0.7165,0.0
DB01_to_DK02#alt3,3,94,3800.0,4300.0,0.6889,0.0
DB01_to_DK02#alt3,3,95,3850.0,4300.0,0.6241,0.0
DB01_to_DK02#alt3,3,96,3900.0,4250.0,0.6241,0.0
DB01_to_DK02#alt3,3,97,3950.0,4250.0,0.5483,0.0
DB01_to_DK02#alt3,3,98,4000.0,4200.0,0.503,0.0
DB01_to_DK02#alt3,3,99,4050.0,4200.0,0.4275,0.0
DB01_to_DK02#alt3,3,100,4100.0,4200.0,0.3628,0.0
DB01_to_DK02#alt3,3,101,4150.0,4150.0,0.3114,0.0
DB01_to_DK02#alt3,3,102,4200.0,4150.0,0.2721,0.0
DB01_to_DK02#alt3,3,103,4250.0,4150.0,0.2431,0.0
DB01_to_DK02#alt3,3,104,4300.0,4100.0,0.2384,0.0
DB01_to_DK02#alt3,3,105,4350.0,4100.0,0.2076,0.0
DB01_to_DK02#alt3,3,106,4400.0,4050.0,0.1937,0.0
DB01_to_DK02#alt3,3,107,4450.0,4050.0,0.1661,0.0
DB01_to_DK02#alt3,3,108,4500.0,4050.0,0.1422,0.0
DB01_to_DK02#alt3,3,109,4550.0,4000.0,0.1273,0.0
DB01_to_DK02#alt3,3,110,4600.0,4000.0,0.1082,0.0
DB01_to_DK02#alt3,3,111,4650.0,4000.0,0.092,0.0
DB01_to_DK02#alt3,3,112,4700.0,3950.0,0.0803,0.0
DB01_to_DK02#alt3,3,113,4750.0,3950.0,0.0681,0.0
DB01_to_DK02#alt3,3,114,4800.0,3900.0,0.0585,0.0
DB01_to_DK02#alt3,3,115,4850.0,3900.0,0.0496,0.0
DB01_to_DK02#alt3,3,116,4850.0,3850.0,0.0507,0.0
DB01_to_DK02#alt3,3,117,4800.0,3800.0,0.0634,0.0
DB01_to_DK02#alt3,3,118,4800.0,3750.0,0.0677,0.0
DB01_to_DK02#alt3,3,119,4750.0,3700.0,0.0839,0.0
DB01_to_DK02#alt3,3,120,4750.0,3650.0,0.0883,0.0
DB01_to_DK02#alt3,3,121,4750.0,3600.0,0.092,0.0
DB01_to_DK02#alt3,3,122,4700.0,3550.0,0.1117,0.0
DB01_to_DK02#alt3,3,123,4700.0,3500.0,0.1138,0.0
DB01_to_DK02#alt3,3,124,4650.0,3450.0,0.1353,0.0
DB01_to_DK02#alt3,3,125,4650.0,3400.0,0.1353,0.0
DB01_to_DK02#alt3,3,126,4600.0,3350.0,0.1587,0.0
DB01_to_DK02#alt3,3,127,4600.0,3300.0,0.17,0.0
DB01_to_DK02#alt3,3,128,4600.0,3250.0,0.1921,0.0
DB01_to_DK02#alt3,3,129,4550.0,3200.0,0.2431,0.0
DB01_to_DK02#alt3,3,130,4550.0,3150.0,0.2721,0.0
DB01_to_DK02#alt3,3,131,4500.0,3100.0,0.344,0.0
DB01_to_DK02#alt3,3,132,4500.0,3050.0,0.3784,0.0
DB01_to_DK02#alt3,3,133,4500.0,3000.0,0.4076,0.0
DB01_to_DK02#alt3,3,134,4450.0,2950.0,0.503,0.0
DB01_to_DK02#alt3,3,135,4450.0,2900.0,0.5483,0.0
DB01_to_DK02#alt3,3,136,4400.0,2850.0,0.6889,0.0
DB01_to_DK02#alt3,3,137,4400.0,2800.0,0.7165,0.0
DB01_to_DK02#alt3,3,138,4400.0,2750.0,0.6889,0.0
DB01_to_DK02#alt3,3,139,4350.0,2700.0,0.7165,0.0
DB01_to_DK02#alt3,3,140,4350.0,2650.0,0.6889,0.0
DB01_to_DK02#alt3,3,141,4300.0,2600.0,0.6889,0.0
DB01_to_DK02#alt3,3,142,4300.0,2550.0,0.6241,0.0
DB01_to_DK02#alt3,3,143,4250.0,2500.0,0.5903,0.0
DB01_to_DK02#alt3,3,144,4250.0,2450.0,0.503,0.0
DB01_to_DK02#alt3,3,145,4250.0,2400.0,0.4275,0.0
DB01_to_DK02#alt3,3,146,4200.0,2350.0,0.3679,0.0
DB01_to_DK02#alt3,3,147,4200.0,2300.0,0.3114,0.0
DB01_to_DK02#alt3,3,148,4150.0,2250.0,0.2636,0.0
DB01_to_DK02#alt3,3,149,4150.0,2200.0,0.281,0.0
DB01_to_DK02#alt3,3,150,4100.0,2200.0,0.2609,0.0
DB01_to_DK02#alt3,3,151,4050.0,2200.0,0.2384,0.0
DB01_to_DK02#alt3,3,152,4000.0,2200.0,0.2211,0.0
DB01_to_DK02#alt3,3,153,3950.0,2200.0,0.2151,0.0
DB01_to_DK02#alt3,3,154,3900.0,2150.0,0.1921,0.0
DB01_to_DK02#alt3,3,155,3850.0,2150.0,0.17,0.0
DB01_to_DK02#alt3,3,156,3800.0,2150.0,0.1551,0.0
DB01_to_DK02#alt3,3,157,3750.0,2150.0,0.1432,0.0
DB01_to_DK02#alt4,4,0,1000.0,3900.0,0.7165,0.0
DB01_to_DK02#alt4,4,1,1050.0,3950.0,0.6889,0.0
DB01_to_DK02#alt4,4,2,1100.0,3950.0,0.7165,0.0
DB01_to_DK02#alt4,4,3,1150.0,4000.0,0.6241,0.0
DB01_to_DK02#alt4,4,4,1200.0,4050.0,0.6241,0.0
DB01_to_DK02#alt4,4,5,1250.0,4050.0,0.6889,0.0
DB01_to_DK02#alt4,4,6,1300.0,4000.0,0.6889,0.0
DB01_to_DK02#alt4,4,7,1350.0,4000.0,0.6241,0.0
DB01_to_DK02#alt4,4,8,1400.0,4000.0,0.6065,0.0
DB01_to_DK02#alt4,4,9,1450.0,3950.0,0.6889,0.0
DB01_to_DK02#alt4,4,10,1500.0,3950.0,0.6241,0.0
DB01_to_DK02#alt4,4,11,1550.0,3950.0,0.6889,0.0
DB01_to_DK02#alt4,4,12,1600.0,3900.0,0.6889,0.0
DB01_to_DK02#alt4,4,13,1650.0,3900.0,0.7165,0.0
DB01_to_DK02#alt4,4,14,1700.0,3900.0,0.7165,0.0
DB01_to_DK02#alt4,4,15,1750.0,3850.0,0.6065,0.0
DB01_to_DK02#alt4,4,16,1800.0,3850.0,0.5903,0.0
DB01_to_DK02#alt4,4,17,1850.0,3800.0,0.5134,0.0
DB01_to_DK02#alt4,4,18,1900.0,3800.0,0.5134,0.0
DB01_to_DK02#alt4,4,19,1950.0,3750.0,0.6065,0.0
DB01_to_DK02#alt4,4,20,2000.0,3750.0,0.6065,0.0
DB01_to_DK02#alt4,4,21,2050.0,3700.0,0.7165,0.0
DB01_to_DK02#alt4,4,22,2100.0,3700.0,0.6889,0.0
DB01_to_DK02#alt4,4,23,2150.0,3650.0,0.6889,0.0
DB01_to_DK02#alt4,4,24,2200.0,3650.0,0.6241,0.0
DB01_to_DK02#alt4,4,25,2250.0,3600.0,0.6241,0.0
DB01_to_DK02#alt4,4,26,2300.0,3550.0,0.5903,0.0
DB01_to_DK02#alt4,4,27,2350.0,3500.0,0.5134,0.0
DB01_to_DK02#alt4,4,28,2400.0,3450.0,0.4346,0.0
DB01_to_DK02#alt4,4,29,2450.0,3400.0,0.3679,0.0
DB01_to_DK02#alt4,4,30,2500.0,3350.0,0.3114,0.0
DB01_to_DK02#alt4,4,31,2550.0,3300.0,0.3077,0.0
DB01_to_DK02#alt4,4,32,2600.0,3250.0,0.3485,0.0
DB01_to_DK02#alt4,4,33,2650.0,3200.0,0.3784,0.0
DB01_to_DK02#alt4,4,34,2700.0,3150.0,0.3895,0.0
DB01_to_DK02#alt4,4,35,2750.0,3100.0,0.3895,0.0
DB01_to_DK02#alt4,4,36,2800.0,3050.0,0.3784,0.0
DB01_to_DK02#alt4,4,37,2850.0,3000.0,0.3485,0.0
DB01_to_DK02#alt4,4,38,2900.0,2950.0,0.3784,0.0
DB01_to_DK02#alt4,4,39,2950.0,2900.0,0.3895,0.0
DB01_to_DK02#alt4,4,40,3000.0,2900.0,0.4346,0.0
DB01_to_DK02#alt4,4,41,3050.0,2850.0,0.4346,0.0
DB01_to_DK02#alt4,4,42,3100.0,2800.0,0.4346,0.0
DB01_to_DK02#alt4,4,43,3150.0,2750.0,0.4076,0.0
DB01_to_DK02#alt4,4,44,3200.0,2700.0,0.3628,0.0
DB01_to_DK02#alt4,4,45,3250.0,2650.0,0.3114,0.0
DB01_to_DK02#alt4,4,46,3300.0,2600.0,0.2636,0.0
DB01_to_DK02#alt4,4,47,3350.0,2550.0,0.2231,0.0
DB01_to_DK02#alt4,4,48,3400.0,2500.0,0.1889,0.0
DB01_to_DK02#alt4,4,49,3450.0,2450.0,0.1599,0.0
DB01_to_DK02#alt4,4,50,3500.0,2400.0,0.1432,0.0
DB01_to_DK02#alt4,4,51,3550.0,2350.0,0.1495,0.0
DB01_to_DK02#alt4,4,52,3600.0,2300.0,0.1517,0.0
DB01_to_DK02#alt4,4,53,3650.0,2250.0,0.1517,0.0
DB01_to_DK02#alt4,4,54,3700.0,2200.0,0.1495,0.0
DB01_to_DK02#alt4,4,55,3750.0,2150.0,0.1432,0.0
DB01_to_DK02#alt5,5,0,1000.0,3900.0,0.7165,0.0
DB01_to_DK02#alt5,5,1,950.0,3900.0,0.6889,0.0
DB01_to_DK02#alt5,5,2,900.0,3850.0,0.6889,0.0
DB01_to_DK02#alt5,5,3,850.0,3850.0,0.6241,0.0
DB01_to_DK02#alt5,5,4,800.0,3850.0,0.5483,0.0
DB01_to_DK02#alt5,5,5,750.0,3800.0,0.503,0.0
DB01_to_DK02#alt5,5,6,700.0,3800.0,0.4346,0.0
DB01_to_DK02#alt5,5,7,700.0,3750.0,0.4746,0.0
DB01_to_DK02#alt5,5,8,700.0,3700.0,0.503,0.0
DB01_to_DK02#alt5,5,9,750.0,3650.0,0.6065,0.0
DB01_to_DK02#alt5,5,10,750.0,3600.0,0.6241,0.0
DB01_to_DK02#alt5,5,11,750.0,3550.0,0.6889,0.0
DB01_to_DK02#alt5,5,12,750.0,3500.0,0.7165,0.0
DB01_to_DK02#alt5,5,13,750.0,3450.0,0.6889,0.0
DB01_to_DK02#alt5,5,14,800.0,3400.0,0.7165,0.0
DB01_to_DK02#alt5,5,15,800.0,3350.0,0.7165,0.0
DB01_to_DK02#alt5,5,16,800.0,3300.0,0.6889,0.0
DB01_to_DK02#alt5,5,17,800.0,3250.0,0.6241,0.0
DB01_to_DK02#alt5,5,18,850.0,3200.0,0.6889,0.0
DB01_to_DK02#alt5,5,19,850.0,3150.0,0.6241,0.0
DB01_to_DK02#alt5,5,20,850.0,3100.0,0.5483,0.0
DB01_to_DK02#alt5,5,21,850.0,3050.0,0.4931,0.0
DB01_to_DK02#alt5,5,22,850.0,3000.0,0.4346,0.0
DB01_to_DK02#alt5,5,23,900.0,2950.0,0.4076,0.0
DB01_to_DK02#alt5,5,24,900.0,2900.0,0.3485,0.0
DB01_to_DK02#alt5,5,25,900.0,2850.0,0.3006,0.0
DB01_to_DK02#alt5,5,26,900.0,2800.0,0.2609,0.0
DB01_to_DK02#alt5,5,27,900.0,2750.0,0.2252,0.0
DB01_to_DK02#alt5,5,28,950.0,2700.0,0.2057,0.0
DB01_to_DK02#alt5,5,29,950.0,2650.0,0.2151,0.0
DB01_to_DK02#alt5,5,30,950.0,2600.0,0.2211,0.0
DB01_to_DK02#alt5,5,31,950.0,2550.0,0.2231,0.0
DB01_to_DK02#alt5,5,32,1000.0,2500.0,0.2636,0.0
DB01_to_DK02#alt5,5,33,1000.0,2450.0,0.2636,0.0
DB01_to_DK02#alt5,5,34,1000.0,2400.0,0.2636,0.0
DB01_to_DK02#alt5,5,35,1050.0,2350.0,0.3077,0.0
DB01_to_DK02#alt5,5,36,1100.0,2300.0,0.3485,0.0
DB01_to_DK02#alt5,5,37,1150.0,2300.0,0.4076,0.0
DB01_to_DK02#alt5,5,38,1200.0,2250.0,0.4346,0.0
DB01_to_DK02#alt5,5,39,1250.0,2200.0,0.4346,0.0
DB01_to_DK02#alt5,5,40,1300.0,2150.0,0.5134,0.0
DB01_to_DK02#alt5,5,41,1350.0,2100.0,0.6065,0.0
DB01_to_DK02#alt5,5,42,1400.0,2100.0,0.6065,0.0
DB01_to_DK02#alt5,5,43,1450.0,2050.0,0.6889,0.0
DB01_to_DK02#alt5,5,44,1500.0,2000.0,0.6889,0.0
DB01_to_DK02#alt5,5,45,1550.0,1950.0,0.6889,0.0
DB01_to_DK02#alt5,5,46,1600.0,1900.0,0.6241,0.0
DB01_to_DK02#alt5,5,47,1650.0,1850.0,0.5903,0.0
DB01_to_DK02#alt5,5,48,1700.0,1850.0,0.503,0.0
DB01_to_DK02#alt5,5,49,1750.0,1800.0,0.4346,0.0
DB01_to_DK02#alt5,5,50,1800.0,1750.0,0.4076,0.0
DB01_to_DK02#alt5,5,51,1850.0,1750.0,0.4746,0.0
DB01_to_DK02#alt5,5,52,1900.0,1700.0,0.4931,0.0
DB01_to_DK02#alt5,5,53,1950.0,1700.0,0.5483,0.0
DB01_to_DK02#alt5,5,54,2000.0,1650.0,0.5483,0.0
DB01_to_DK02#alt5,5,55,2050.0,1650.0,0.6241,0.0
DB01_to_DK02#alt5,5,56,2100.0,1650.0,0.6889,0.0
DB01_to_DK02#alt5,5,57,2150.0,1600.0,0.6241,0.0
DB01_to_DK02#alt5,5,58,2200.0,1600.0,0.6889,0.0
DB01_to_DK02#alt5,5,59,2250.0,1550.0,0.6065,0.0
DB01_to_DK02#alt5,5,60,2300.0,1550.0,0.6065,0.0
DB01_to_DK02#alt5,5,61,2350.0,1550.0,0.6065,0.0
DB01_to_DK02#alt5,5,62,2400.0,1550.0,0.6065,0.0
DB01_to_DK02#alt5,5,63,2450.0,1600.0,0.7165,0.0
DB01_to_DK02#alt5,5,64,2500.0,1600.0,0.7165,0.0
DB01_to_DK02#alt5,5,65,2550.0,1600.0,0.7165,0.0
DB01_to_DK02#alt5,5,66,2600.0,1600.0,0.6889,0.0
DB01_to_DK02#alt5,5,67,2650.0,1650.0,0.7165,0.0
DB01_to_DK02#alt5,5,68,2700.0,1650.0,0.6889,0.0
DB01_to_DK02#alt5,5,69,2750.0,1650.0,0.6241,0.0
DB01_to_DK02#alt5,5,70,2800.0,1700.0,0.6241,0.0
DB01_to_DK02#alt5,5,71,2800.0,1750.0,0.6889,0.0
DB01_to_DK02#alt5,5,72,2850.0,1800.0,0.6889,0.0
DB01_to_DK02#alt5,5,73,2900.0,1800.0,0.5903,0.0
DB01_to_DK02#alt5,5,74,2950.0,1850.0,0.5483,0.0
DB01_to_DK02#alt5,5,75,3000.0,1850.0,0.4746,0.0
DB01_to_DK02#alt5,5,76,3050.0,1900.0,0.4275,0.0
DB01_to_DK02#alt5,5,77,3100.0,1900.0,0.3628,0.0
DB01_to_DK02#alt5,5,78,3150.0,1900.0,0.3077,0.0
DB01_to_DK02#alt5,5,79,3200.0,1950.0,0.2636,0.0
DB01_to_DK02#alt5,5,80,3250.0,1950.0,0.2231,0.0
DB01_to_DK02#alt5,5,81,3300.0,1950.0,0.1889,0.0
DB01_to_DK02#alt5,5,82,3350.0,2000.0,0.1599,0.0
DB01_to_DK02#alt5,5,83,3400.0,2000.0,0.1353,0.0
DB01_to_DK02#alt5,5,84,3450.0,2050.0,0.1146,0.0
DB01_to_DK02#alt5,5,85,3500.0,2050.0,0.097,0.0
DB01_to_DK02#alt5,5,86,3550.0,2050.0,0.0839,0.0
DB01_to_DK02#alt5,5,87,3600.0,2100.0,0.0936,0.0
DB01_to_DK02#alt5,5,88,3650.0,2100.0,0.1069,0.0
DB01_to_DK02#alt5,5,89,3700.0,2150.0,0.1308,0.0
DB01_to_DK02#alt5,5,90,3750.0,2150.0,0.1432,0.0
DB01_to_DK02#alt6,6,0,1000.0,3900.0,0.7165,0.0
DB01_to_DK02#alt6,6,1,1000.0,3950.0,0.6241,0.0
DB01_to_DK02#alt6,6,2,1000.0,4000.0,0.5483,0.0
DB01_to_DK02#alt6,6,3,1000.0,4050.0,0.4746,0.0
DB01_to_DK02#alt6,6,4,1000.0,4100.0,0.5483,0.0
DB01_to_DK02#alt6,6,5,1000.0,4150.0,0.6241,0.0
DB01_to_DK02#alt6,6,6,1050.0,4200.0,0.6241,0.0
DB01_to_DK02#alt6,6,7,1050.0,4250.0,0.6889,0.0
DB01_to_DK02#alt6,6,8,1050.0,4300.0,0.7165,0.0
DB01_to_DK02#alt6,6,9,1050.0,4350.0,0.7165,0.0
DB01_to_DK02#alt6,6,10,1050.0,4400.0,0.6889,0.0
DB01_to_DK02#alt6,6,11,1100.0,4450.0,0.6241,0.0
DB01_to_DK02#alt6,6,12,1150.0,4500.0,0.6889,0.0
DB01_to_DK02#alt6,6,13,1200.0,4550.0,0.6889,0.0
DB01_to_DK02#alt6,6,14,1250.0,4600.0,0.6065,0.0
DB01_to_DK02#alt6,6,15,1300.0,4600.0,0.6065,0.0
DB01_to_DK02#alt6,6,16,1350.0,4650.0,0.5134,0.0
DB01_to_DK02#alt6,6,17,1400.0,4650.0,0.5134,0.0
DB01_to_DK02#alt6,6,18,1450.0,4700.0,0.4346,0.0
DB01_to_DK02#alt6,6,19,1500.0,4700.0,0.4346,0.0
DB01_to_DK02#alt6,6,20,1550.0,4750.0,0.3628,0.0
DB01_to_DK02#alt6,6,21,1600.0,4750.0,0.4275,0.0
DB01_to_DK02#alt6,6,22,1650.0,4800.0,0.4746,0.0
DB01_to_DK02#alt6,6,23,1700.0,4800.0,0.5483,0.0
DB01_to_DK02#alt6,6,24,1750.0,4850.0,0.5483,0.0
DB01_to_DK02#alt6,6,25,1800.0,4850.0,0.6241,0.0
DB01_to_DK02#alt6,6,26,1850.0,4900.0,0.6241,0.0
DB01_to_DK02#alt6,6,27,1900.0,4900.0,0.6889,0.0
DB01_to_DK02#alt6,6,28,1950.0,4950.0,0.6889,0.0
DB01_to_DK02#alt6,6,29,2000.0,4950.0,0.7165,0.0
DB01_to_DK02#alt6,6,30,2050.0,4950.0,0.7165,0.0
DB01_to_DK02#alt6,6,31,2100.0,4950.0,0.6889,0.0
DB01_to_DK02#alt6,6,32,2150.0,4900.0,0.7165,0.0
DB01_to_DK02#alt6,6,33,2200.0,4900.0,0.6889,0.0
DB01_to_DK02#alt6,6,34,2250.0,4900.0,0.6241,0.0
DB01_to_DK02#alt6,6,35,2300.0,4900.0,0.5483,0.0
DB01_to_DK02#alt6,6,36,2350.0,4850.0,0.5483,0.0
DB01_to_DK02#alt6,6,37,2400.0,4850.0,0.4746,0.0
DB01_to_DK02#alt6,6,38,2450.0,4850.0,0.4076,0.0
DB01_to_DK02#alt6,6,39,2500.0,4850.0,0.3485,0.0
DB01_to_DK02#alt6,6,40,2550.0,4800.0,0.3077,0.0
DB01_to_DK02#alt6,6,41,2600.0,4800.0,0.2609,0.0
DB01_to_DK02#alt6,6,42,2650.0,4800.0,0.2252,0.0
DB01_to_DK02#alt6,6,43,2700.0,4800.0,0.2407,0.0
DB01_to_DK02#alt6,6,44,2750.0,4750.0,0.3006,0.0
DB01_to_DK02#alt6,6,45,2800.0,4750.0,0.3269,0.0
DB01_to_DK02#alt6,6,46,2850.0,4750.0,0.3485,0.0
DB01_to_DK02#alt6,6,47,2900.0,4750.0,0.3628,0.0
DB01_to_DK02#alt6,6,48,2950.0,4700.0,0.4346,0.0
DB01_to_DK02#alt6,6,49,3000.0,4700.0,0.4346,0.0
DB01_to_DK02#alt6,6,50,3050.0,4700.0,0.4346,0.0
DB01_to_DK02#alt6,6,51,3100.0,4700.0,0.4275,0.0
DB01_to_DK02#alt6,6,52,3150.0,4650.0,0.4746,0.0
DB01_to_DK02#alt6,6,53,3200.0,4650.0,0.4346,0.0
DB01_to_DK02#alt6,6,54,3250.0,4650.0,0.4076,0.0
DB01_to_DK02#alt6,6,55,3300.0,4650.0,0.3784,0.0
DB01_to_DK02#alt6,6,56,3350.0,4600.0,0.3895,0.0
DB01_to_DK02#alt6,6,57,3400.0,4600.0,0.344,0.0
DB01_to_DK02#alt6,6,58,3450.0,4600.0,0.3077,0.0
DB01_to_DK02#alt6,6,59,3500.0,4600.0,0.2721,0.0
DB01_to_DK02#alt6,6,60,3550.0,4550.0,0.2972,0.0
DB01_to_DK02#alt6,6,61,3600.0,4550.0,0.3077,0.0
DB01_to_DK02#alt6,6,62,3650.0,4550.0,0.3114,0.0
DB01_to_DK02#alt6,6,63,3700.0,4550.0,0.344,0.0
DB01_to_DK02#alt6,6,64,3750.0,4500.0,0.3679,0.0
DB01_to_DK02#alt6,6,65,3800.0,4500.0,0.3784,0.0
DB01_to_DK02#alt6,6,66,3850.0,4500.0,0.4076,0.0
DB01_to_DK02#alt6,6,67,3850.0,4450.0,0.4076,0.0
DB01_to_DK02#alt6,6,68,3900.0,4400.0,0.4346,0.0
DB01_to_DK02#alt6,6,69,3900.0,4350.0,0.4931,0.0
DB01_to_DK02#alt6,6,70,3900.0,4300.0,0.5483,0.0
DB01_to_DK02#alt6,6,71,3950.0,4250.0,0.5483,0.0
DB01_to_DK02#alt6,6,72,3950.0,4200.0,0.5903,0.0
DB01_to_DK02#alt6,6,73,3950.0,4150.0,0.6065,0.0
DB01_to_DK02#alt6,6,74,4000.0,4100.0,0.5134,0.0
DB01_to_DK02#alt6,6,75,4000.0,4050.0,0.5483,0.0
DB01_to_DK02#alt6,6,76,4000.0,4000.0,0.6241,0.0
DB01_to_DK02#alt6,6,77,4050.0,3950.0,0.6241,0.0
DB01_to_DK02#alt6,6,78,4050.0,3900.0,0.6889,0.0
DB01_to_DK02#alt6,6,79,4050.0,3850.0,0.7165,0.0
DB01_to_DK02#alt6,6,80,4100.0,3800.0,0.6065,0.0
DB01_to_DK02#alt6,6,81,4100.0,3750.0,0.6065,0.0
DB01_to_DK02#alt6,6,82,4100.0,3700.0,0.6065,0.0
DB01_to_DK02#alt6,6,83,4150.0,3650.0,0.5134,0.0
DB01_to_DK02#alt6,6,84,4150.0,3600.0,0.5483,0.0
DB01_to_DK02#alt6,6,85,4150.0,3550.0,0.6241,0.0
DB01_to_DK02#alt6,6,86,4200.0,3500.0,0.5903,0.0
DB01_to_DK02#alt6,6,87,4200.0,3450.0,0.6065,0.0
DB01_to_DK02#alt6,6,88,4250.0,3400.0,0.5134,0.0
DB01_to_DK02#alt6,6,89,4250.0,3350.0,0.503,0.0
DB01_to_DK02#alt6,6,90,4250.0,3300.0,0.4746,0.0
DB01_to_DK02#alt6,6,91,4300.0,3250.0,0.3784,0.0
DB01_to_DK02#alt6,6,92,4300.0,3200.0,0.4076,0.0
DB01_to_DK02#alt6,6,93,4300.0,3150.0,0.4746,0.0
DB01_to_DK02#alt6,6,94,4350.0,3100.0,0.4931,0.0
DB01_to_DK02#alt6,6,95,4350.0,3050.0,0.5483,0.0
DB01_to_DK02#alt6,6,96,4350.0,3000.0,0.6241,0.0
DB01_to_DK02#alt6,6,97,4400.0,2950.0,0.5903,0.0
DB01_to_DK02#alt6,6,98,4400.0,2900.0,0.6241,0.0
DB01_to_DK02#alt6,6,99,4400.0,2850.0,0.6889,0.0
DB01_to_DK02#alt6,6,100,4450.0,2800.0,0.6065,0.0
DB01_to_DK02#alt6,6,101,4450.0,2750.0,0.5903,0.0
DB01_to_DK02#alt6,6,102,4450.0,2700.0,0.5483,0.0
DB01_to_DK02#alt6,6,103,4500.0,2650.0,0.4346,0.0
DB01_to_DK02#alt6,6,104,4500.0,2600.0,0.4076,0.0
DB01_to_DK02#alt6,6,105,4450.0,2550.0,0.4346,0.0
DB01_to_DK02#alt6,6,106,4400.0,2550.0,0.4931,0.0
DB01_to_DK02#alt6,6,107,4350.0,2500.0,0.4931,0.0
DB01_to_DK02#alt6,6,108,4300.0,2500.0,0.5483,0.0
DB01_to_DK02#alt6,6,109,4250.0,2450.0,0.503,0.0
DB01_to_DK02#alt6,6,110,4200.0,2400.0,0.4346,0.0
DB01_to_DK02#alt6,6,111,4150.0,2400.0,0.4346,0.0
DB01_to_DK02#alt6,6,112,4100.0,2350.0,0.3679,0.0
DB01_to_DK02#alt6,6,113,4050.0,2350.0,0.3679,0.0
DB01_to_DK02#alt6,6,114,4000.0,2300.0,0.3077,0.0
DB01_to_DK02#alt6,6,115,3950.0,2250.0,0.253,0.0
DB01_to_DK02#alt6,6,116,3900.0,2250.0,0.2407,0.0
DB01_to_DK02#alt6,6,117,3850.0,2200.0,0.1937,0.0
DB01_to_DK02#alt6,6,118,3800.0,2200.0,0.1798,0.0
DB01_to_DK02#alt6,6,119,3750.0,2150.0,0.1432,0.0
DB01_to_DK02#alt7,7,0,1000.0,3900.0,0.7165,0.0
DB01_to_DK02#alt7,7,1,950.0,3900.0,0.6889,0.0
DB01_to_DK02#alt7,7,2,900.0,3850.0,0.6889,0.0
DB01_to_DK02#alt7,7,3,850.0,3850.0,0.6241,0.0
DB01_to_DK02#alt7,7,4,800.0,3800.0,0.5903,0.0
DB01_to_DK02#alt7,7,5,750.0,3800.0,0.503,0.0
DB01_to_DK02#alt7,7,6,700.0,3750.0,0.4746,0.0
DB01_to_DK02#alt7,7,7,650.0,3750.0,0.4076,0.0
DB01_to_DK02#alt7,7,8,600.0,3700.0,0.3628,0.0
DB01_to_DK02#alt7,7,9,550.0,3700.0,0.3077,0.0
DB01_to_DK02#alt7,7,10,500.0,3650.0,0.281,0.0
DB01_to_DK02#alt7,7,11,450.0,3650.0,0.2407,0.0
DB01_to_DK02#alt7,7,12,400.0,3600.0,0.2151,0.0
DB01_to_DK02#alt7,7,13,350.0,3600.0,0.1827,0.0
DB01_to_DK02#alt7,7,14,300.0,3550.0,0.1587,0.0
DB01_to_DK02#alt7,7,15,250.0,3550.0,0.1344,0.0
DB01_to_DK02#alt7,7,16,200.0,3500.0,0.1146,0.0
DB01_to_DK02#alt7,7,17,150.0,3500.0,0.097,0.0
DB01_to_DK02#alt7,7,18,100.0,3450.0,0.0816,0.0
DB01_to_DK02#alt7,7,19,50.0,3450.0,0.0691,0.0
DB01_to_DK02#alt7,7,20,50.0,3400.0,0.0681,0.0
DB01_to_DK02#alt7,7,21,100.0,3350.0,0.0781,0.0
DB01_to_DK02#alt7,7,22,100.0,3300.0,0.0752,0.0
DB01_to_DK02#alt7,7,23,150.0,3250.0,0.0839,0.0
DB01_to_DK02#alt7,7,24,150.0,3200.0,0.079,0.0
DB01_to_DK02#alt7,7,25,150.0,3150.0,0.0752,0.0
DB01_to_DK02#alt7,7,26,200.0,3100.0,0.0839,0.0
DB01_to_DK02#alt7,7,27,200.0,3050.0,0.079,0.0
DB01_to_DK02#alt7,7,28,250.0,3000.0,0.0854,0.0
DB01_to_DK02#alt7,7,29,250.0,2950.0,0.079,0.0
DB01_to_DK02#alt7,7,30,300.0,2900.0,0.0854,0.0
DB01_to_DK02#alt7,7,31,300.0,2850.0,0.0785,0.0
DB01_to_DK02#alt7,7,32,300.0,2800.0,0.0717,0.0
DB01_to_DK02#alt7,7,33,350.0,2750.0,0.074,0.0
DB01_to_DK02#alt7,7,34,350.0,2700.0,0.0663,0.0
DB01_to_DK02#alt7,7,35,400.0,2650.0,0.0663,0.0
DB01_to_DK02#alt7,7,36,400.0,2600.0,0.0591,0.0
DB01_to_DK02#alt7,7,37,400.0,2550.0,0.0524,0.0
DB01_to_DK02#alt7,7,38,450.0,2500.0,0.0514,0.0
DB01_to_DK02#alt7,7,39,450.0,2450.0,0.0514,0.0
DB01_to_DK02#alt7,7,40,500.0,2400.0,0.065,0.0
DB01_to_DK02#alt7,7,41,500.0,2350.0,0.074,0.0
DB01_to_DK02#alt7,7,42,500.0,2300.0,0.0839,0.0
DB01_to_DK02#alt7,7,43,550.0,2250.0,0.1062,0.0
DB01_to_DK02#alt7,7,44,550.0,2200.0,0.1199,0.0
DB01_to_DK02#alt7,7,45,600.0,2150.0,0.1517,0.0
DB01_to_DK02#alt7,7,46,600.0,2100.0,0.17,0.0
DB01_to_DK02#alt7,7,47,650.0,2050.0,0.2151,0.0
DB01_to_DK02#alt7,7,48,650.0,2000.0,0.2431,0.0
DB01_to_DK02#alt7,7,49,650.0,1950.0,0.2721,0.0
DB01_to_DK02#alt7,7,50,700.0,1900.0,0.344,0.0
DB01_to_DK02#alt7,7,51,700.0,1850.0,0.3895,0.0
DB01_to_DK02#alt7,7,52,750.0,1800.0,0.4931,0.0
DB01_to_DK02#alt7,7,53,750.0,1750.0,0.5483,0.0
DB01_to_DK02#alt7,7,54,750.0,1700.0,0.5903,0.0
DB01_to_DK02#alt7,7,55,800.0,1650.0,0.7165,0.0
DB01_to_DK02#alt7,7,56,800.0,1600.0,0.6889,0.0
DB01_to_DK02#alt7,7,57,850.0,1550.0,0.7165,0.0
DB01_to_DK02#alt7,7,58,850.0,1500.0,0.6889,0.0
DB01_to_DK02#alt7,7,59,850.0,1450.0,0.6241,0.0
DB01_to_DK02#alt7,7,60,900.0,1400.0,0.5903,0.0
DB01_to_DK02#alt7,7,61,900.0,1350.0,0.503,0.0
DB01_to_DK02#alt7,7,62,950.0,1300.0,0.4346,0.0
DB01_to_DK02#alt7,7,63,950.0,1250.0,0.3679,0.0
DB01_to_DK02#alt7,7,64,1000.0,1200.0,0.3114,0.0
DB01_to_DK02#alt7,7,65,1000.0,1150.0,0.2636,0.0
DB01_to_DK02#alt7,7,66,1000.0,1100.0,0.2231,0.0
DB01_to_DK02#alt7,7,67,1050.0,1050.0,0.2151,0.0
DB01_to_DK02#alt7,7,68,1050.0,1000.0,0.2431,0.0
DB01_to_DK02#alt7,7,69,1100.0,950.0,0.2384,0.0
DB01_to_DK02#alt7,7,70,1100.0,900.0,0.2609,0.0
DB01_to_DK02#alt7,7,71,1100.0,850.0,0.281,0.0
DB01_to_DK02#alt7,7,72,1150.0,800.0,0.253,0.0
DB01_to_DK02#alt7,7,73,1150.0,750.0,0.2609,0.0
DB01_to_DK02#alt7,7,74,1200.0,700.0,0.2231,0.0
DB01_to_DK02#alt7,7,75,1200.0,650.0,0.2231,0.0
DB01_to_DK02#alt7,7,76,1200.0,600.0,0.2211,0.0
DB01_to_DK02#alt7,7,77,1250.0,550.0,0.1827,0.0
DB01_to_DK02#alt7,7,78,1250.0,500.0,0.1755,0.0
DB01_to_DK02#alt7,7,79,1300.0,450.0,0.1422,0.0
DB01_to_DK02#alt7,7,80,1300.0,400.0,0.1335,0.0
DB01_to_DK02#alt7,7,81,1350.0,350.0,0.1069,0.0
DB01_to_DK02#alt7,7,82,1350.0,300.0,0.0987,0.0
DB01_to_DK02#alt7,7,83,1350.0,250.0,0.0904,0.0
DB01_to_DK02#alt7,7,84,1400.0,200.0,0.0717,0.0
DB01_to_DK02#alt7,7,85,1400.0,150.0,0.065,0.0
DB01_to_DK02#alt7,7,86,1450.0,100.0,0.0514,0.0
DB01_to_DK02#alt7,7,87,1450.0,50.0,0.0467,0.0
DB01_to_DK02#alt7,7,88,1500.0,50.0,0.0407,0.0
DB01_to_DK02#alt7,7,89,1550.0,100.0,0.0393,0.0
DB01_to_DK02#alt7,7,90,1600.0,100.0,0.0342,0.0
DB01_to_DK02#alt7,7,91,1650.0,100.0,0.0297,0.0
DB01_to_DK02#alt7,7,92,1700.0,150.0,0.0279,0.0
DB01_to_DK02#alt7,7,93,1750.0,150.0,0.0241,0.0
DB01_to_DK02#alt7,7,94,1800.0,200.0,0.0222,0.0
DB01_to_DK02#alt7,7,95,1850.0,200.0,0.019,0.0
DB01_to_DK02#alt7,7,96,1900.0,200.0,0.0163,0.0
DB01_to_DK02#alt7,7,97,1950.0,250.0,0.0148,0.0
DB01_to_DK02#alt7,7,98,2000.0,250.0,0.0155,0.0
DB01_to_DK02#alt7,7,99,2050.0,250.0,0.0183,0.0
DB01_to_DK02#alt7,7,100,2100.0,300.0,0.0216,0.0
DB01_to_DK02#alt7,7,101,2150.0,300.0,0.0256,0.0
DB01_to_DK02#alt7,7,102,2200.0,300.0,0.0302,0.0
DB01_to_DK02#alt7,7,103,2250.0,350.0,0.0357,0.0
DB01_to_DK02#alt7,7,104,2300.0,350.0,0.0421,0.0
DB01_to_DK02#alt7,7,105,2350.0,400.0,0.0498,0.0
DB01_to_DK02#alt7,7,106,2400.0,400.0,0.0588,0.0
DB01_to_DK02#alt7,7,107,2450.0,400.0,0.0695,0.0
DB01_to_DK02#alt7,7,108,2500.0,450.0,0.0816,0.0
DB01_to_DK02#alt7,7,109,2550.0,450.0,0.0964,0.0
DB01_to_DK02#alt7,7,110,2600.0,450.0,0.1138,0.0
DB01_to_DK02#alt7,7,111,2650.0,500.0,0.1317,0.0
DB01_to_DK02#alt7,7,112,2700.0,500.0,0.1551,0.0
DB01_to_DK02#alt7,7,113,2750.0,500.0,0.1827,0.0
DB01_to_DK02#alt7,7,114,2800.0,550.0,0.2057,0.0
DB01_to_DK02#alt7,7,115,2850.0,550.0,0.2407,0.0
DB01_to_DK02#alt7,7,116,2900.0,600.0,0.2609,0.0
DB01_to_DK02#alt7,7,117,2950.0,600.0,0.3006,0.0
DB01_to_DK02#alt7,7,118,3000.0,600.0,0.344,0.0
DB01_to_DK02#alt7,7,119,3050.0,650.0,0.344,0.0
DB01_to_DK02#alt7,7,120,3100.0,650.0,0.3895,0.0
DB01_to_DK02#alt7,7,121,3150.0,650.0,0.4346,0.0
DB01_to_DK02#alt7,7,122,3200.0,700.0,0.4346,0.0
DB01_to_DK02#alt7,7,123,3250.0,700.0,0.4931,0.0
DB01_to_DK02#alt7,7,124,3300.0,700.0,0.5483,0.0
DB01_to_DK02#alt7,7,125,3350.0,750.0,0.5483,0.0
DB01_to_DK02#alt7,7,126,3400.0,750.0,0.6241,0.0
DB01_to_DK02#alt7,7,127,3450.0,800.0,0.6241,0.0
DB01_to_DK02#alt7,7,128,3500.0,800.0,0.6889,0.0
DB01_to_DK02#alt7,7,129,3550.0,800.0,0.7165,0.0
DB01_to_DK02#alt7,7,130,3600.0,850.0,0.6889,0.0
DB01_to_DK02#alt7,7,131,3650.0,850.0,0.7165,0.0
DB01_to_DK02#alt7,7,132,3700.0,850.0,0.7165,0.0
DB01_to_DK02#alt7,7,133,3750.0,900.0,0.5903,0.0
DB01_to_DK02#alt7,7,134,3800.0,900.0,0.5483,0.0
DB01_to_DK02#alt7,7,135,3850.0,900.0,0.4931,0.0
DB01_to_DK02#alt7,7,136,3900.0,950.0,0.3895,0.0
DB01_to_DK02#alt7,7,137,3950.0,950.0,0.344,0.0
DB01_to_DK02#alt7,7,138,4000.0,1000.0,0.2721,0.0
DB01_to_DK02#alt7,7,139,4050.0,1000.0,0.2431,0.0
DB01_to_DK02#alt7,7,140,4100.0,1000.0,0.253,0.0
DB01_to_DK02#alt7,7,141,4150.0,1050.0,0.2211,0.0
DB01_to_DK02#alt7,7,142,4200.0,1050.0,0.2231,0.0
DB01_to_DK02#alt7,7,143,4200.0,1100.0,0.1889,0.0
DB01_to_DK02#alt7,7,144,4150.0,1150.0,0.1587,0.0
DB01_to_DK02#alt7,7,145,4150.0,1200.0,0.1755,0.0
DB01_to_DK02#alt7,7,146,4100.0,1250.0,0.1937,0.0
DB01_to_DK02#alt7,7,147,4100.0,1300.0,0.2252,0.0
DB01_to_DK02#alt7,7,148,4100.0,1350.0,0.2609,0.0
DB01_to_DK02#alt7,7,149,4050.0,1400.0,0.2721,0.0
DB01_to_DK02#alt7,7,150,4050.0,1450.0,0.3077,0.0
DB01_to_DK02#alt7,7,151,4000.0,1500.0,0.3077,0.0
DB01_to_DK02#alt7,7,152,4000.0,1550.0,0.344,0.0
DB01_to_DK02#alt7,7,153,4000.0,1600.0,0.3784,0.0
DB01_to_DK02#alt7,7,154,3950.0,1650.0,0.3485,0.0
DB01_to_DK02#alt7,7,155,3950.0,1700.0,0.3628,0.0
DB01_to_DK02#alt7,7,156,3900.0,1750.0,0.3114,0.0
DB01_to_DK02#alt7,7,157,3900.0,1800.0,0.3114,0.0
DB01_to_DK02#alt7,7,158,3850.0,1850.0,0.2609,0.0
DB01_to_DK02#alt7,7,159,3850.0,1900.0,0.253,0.0
DB01_to_DK02#alt7,7,160,3850.0,1950.0,0.2407,0.0
DB01_to_DK02#alt7,7,161,3800.0,2000.0,0.1937,0.0
DB01_to_DK02#alt7,7,162,3800.0,2050.0,0.1798,0.0
DB01_to_DK02#alt7,7,163,3750.0,2100.0,0.1432,0.0
DB01_to_DK02#alt7,7,164,3750.0,2150.0,0.1432,0.0
DB02_to_DK06#alt0,0,0,1800.0,1100.0,0.1183,0.0
DB02_to_DK06#alt0,0,1,1850.0,1100.0,0.1062,0.0
DB02_to_DK06#alt0,0,2,1900.0,1100.0,0.0987,0.0
DB02_to_DK06#alt0,0,3,1950.0,1100.0,0.1069,0.0
DB02_to_DK06#alt0,0,4,2000.0,1100.0,0.1146,0.0
DB02_to_DK06#alt0,0,5,2050.0,1100.0,0.1215,0.0
DB02_to_DK06#alt0,0,6,2100.0,1100.0,0.1273,0.0
DB02_to_DK06#alt0,0,7,2150.0,1100.0,0.1317,0.0
DB02_to_DK06#alt0,0,8,2200.0,1100.0,0.1344,0.0
DB02_to_DK06#alt0,0,9,2250.0,1100.0,0.1422,0.0
DB02_to_DK06#alt0,0,10,2300.0,1150.0,0.1755,0.0
DB02_to_DK06#alt0,0,11,2350.0,1150.0,0.2057,0.0
DB02_to_DK06#alt0,0,12,2400.0,1150.0,0.2407,0.0
DB02_to_DK06#alt0,0,13,2450.0,1150.0,0.281,0.0
DB02_to_DK06#alt0,0,14,2500.0,1150.0,0.3269,0.0
DB02_to_DK06#alt0,0,15,2550.0,1150.0,0.3784,0.0
DB02_to_DK06#alt0,0,16,2600.0,1150.0,0.4346,0.0
DB02_to_DK06#alt0,0,17,2650.0,1150.0,0.4931,0.0
DB02_to_DK06#alt0,0,18,2700.0,1150.0,0.5483,0.0
DB02_to_DK06#alt0,0,19,2750.0,1150.0,0.6241,0.0
DB02_to_DK06#alt0,0,20,2800.0,1150.0,0.6889,0.0
DB02_to_DK06#alt0,0,21,2850.0,1150.0,0.7165,0.0
DB02_to_DK06#alt0,0,22,2900.0,1150.0,0.7165,0.0
DB02_to_DK06#alt0,0,23,2950.0,1150.0,0.6889,0.0
DB02_to_DK06#alt0,0,24,3000.0,1150.0,0.6241,0.0
DB02_to_DK06#alt0,0,25,3050.0,1150.0,0.5483,0.0
DB02_to_DK06#alt0,0,26,3100.0,1150.0,0.4931,0.0
DB02_to_DK06#alt0,0,27,3150.0,1150.0,0.4346,0.0
DB02_to_DK06#alt0,0,28,3200.0,1200.0,0.4076,0.0
DB02_to_DK06#alt0,0,29,3250.0,1200.0,0.3485,0.0
DB02_to_DK06#alt0,0,30,3300.0,1200.0,0.2972,0.0
DB02_to_DK06#alt0,0,31,3350.0,1200.0,0.253,0.0
DB02_to_DK06#alt0,0,32,3400.0,1200.0,0.2151,0.0
DB02_to_DK06#alt0,0,33,3450.0,1200.0,0.1937,0.0
DB02_to_DK06#alt0,0,34,3500.0,1200.0,0.2057,0.0
DB02_to_DK06#alt0,0,35,3550.0,1200.0,0.2151,0.0
DB02_to_DK06#alt0,0,36,3600.0,1200.0,0.2211,0.0
DB02_to_DK06#alt1,1,0,1800.0,1100.0,0.1183,0.0
DB02_to_DK06#alt1,1,1,1850.0,1100.0,0.1062,0.0
DB02_to_DK06#alt1,1,2,1900.0,1100.0,0.0987,0.0
DB02_to_DK06#alt1,1,3,1950.0,1100.0,0.1069,0.0
DB02_to_DK06#alt1,1,4,2000.0,1100.0,0.1146,0.0
DB02_to_DK06#alt1,1,5,2050.0,1100.0,0.1215,0.0
DB02_to_DK06#alt1,1,6,2100.0,1100.0,0.1273,0.0
DB02_to_DK06#alt1,1,7,2150.0,1100.0,0.1317,0.0
DB02_to_DK06#alt1,1,8,2200.0,1100.0,0.1344,0.0
DB02_to_DK06#alt1,1,9,2250.0,1100.0,0.1422,0.0
DB02_to_DK06#alt1,1,10,2300.0,1150.0,0.1755,0.0
DB02_to_DK06#alt1,1,11,2350.0,1150.0,0.2057,0.0
DB02_to_DK06#alt1,1,12,2400.0,1150.0,0.2407,0.0
DB02_to_DK06#alt1,1,13,2450.0,1150.0,0.281,0.0
DB02_to_DK06#alt1,1,14,2500.0,1150.0,0.3269,0.0
DB02_to_DK06#alt1,1,15,2550.0,1150.0,0.3784,0.0
DB02_to_DK06#alt1,1,16,2600.0,1150.0,0.4346,0.0
DB02_to_DK06#alt1,1,17,2650.0,1150.0,0.4931,0.0
DB02_to_DK06#alt1,1,18,2700.0,1150.0,0.5483,0.0
DB02_to_DK06#alt1,1,19,2750.0,1150.0,0.6241,0.0
DB02_to_DK06#alt1,1,20,2800.0,1150.0,0.6889,0.0
DB02_to_DK06#alt1,1,21,2850.0,1150.0,0.7165,0.0
DB02_to_DK06#alt1,1,22,2900.0,1150.0,0.7165,0.0
DB02_to_DK06#alt1,1,23,2950.0,1150.0,0.6889,0.0
DB02_to_DK06#alt1,1,24,3000.0,1150.0,0.6241,0.0
DB02_to_DK06#alt1,1,25,3050.0,1150.0,0.5483,0.0
DB02_to_DK06#alt1,1,26,3100.0,1150.0,0.4931,0.0
DB02_to_DK06#alt1,1,27,3150.0,1150.0,0.4346,0.0
DB02_to_DK06#alt1,1,28,3200.0,1200.0,0.4076,0.0
DB02_to_DK06#alt1,1,29,3250.0,1200.0,0.3485,0.0
DB02_to_DK06#alt1,1,30,3300.0,1200.0,0.2972,0.0
DB02_to_DK06#alt1,1,31,3350.0,1200.0,0.253,0.0
DB02_to_DK06#alt1,1,32,3400.0,1200.0,0.2151,0.0
DB02_to_DK06#alt1,1,33,3450.0,1200.0,0.1937,0.0
DB02_to_DK06#alt1,1,34,3500.0,1200.0,0.2057,0.0
DB02_to_DK06#alt1,1,35,3550.0,1200.0,0.2151,0.0
DB02_to_DK06#alt1,1,36,3600.0,1200.0,0.2211,0.0
DB02_to_DK06#alt2,2,0,1800.0,1100.0,0.1183,0.0
DB02_to_DK06#alt2,2,1,1850.0,1100.0,0.1062,0.0
DB02_to_DK06#alt2,2,2,1900.0,1100.0,0.0987,0.0
DB02_to_DK06#alt2,2,3,1950.0,1100.0,0.1069,0.0
DB02_to_DK06#alt2,2,4,2000.0,1100.0,0.1146,0.0
DB02_to_DK06#alt2,2,5,2050.0,1100.0,0.1215,0.0
DB02_to_DK06#alt2,2,6,2100.0,1100.0,0.1273,0.0
DB02_to_DK06#alt2,2,7,2150.0,1100.0,0.1317,0.0
DB02_to_DK06#alt2,2,8,2200.0,1100.0,0.1344,0.0
DB02_to_DK06#alt2,2,9,2250.0,1100.0,0.1422,0.0
DB02_to_DK06#alt2,2,10,2300.0,1150.0,0.1755,0.0
DB02_to_DK06#alt2,2,11,2350.0,1150.0,0.2057,0.0
DB02_to_DK06#alt2,2,12,2400.0,1150.0,0.2407,0.0
DB02_to_DK06#alt2,2,13,2450.0,1150.0,0.281,0.0
DB02_to_DK06#alt2,2,14,2500.0,1150.0,0.3269,0.0
DB02_to_DK06#alt2,2,15,2550.0,1150.0,0.3784,0.0
DB02_to_DK06#alt2,2,16,2600.0,1150.0,0.4346,0.0
DB02_to_DK06#alt2,2,17,2650.0,1150.0,0.4931,0.0
DB02_to_DK06#alt2,2,18,2700.0,1150.0,0.5483,0.0
DB02_to_DK06#alt2,2,19,2750.0,1150.0,0.6241,0.0
DB02_to_DK06#alt2,2,20,2800.0,1150.0,0.6889,0.0
DB02_to_DK06#alt2,2,21,2850.0,1150.0,0.7165,0.0
DB02_to_DK06#alt2,2,22,2900.0,1150.0,0.7165,0.0
DB02_to_DK06#alt2,2,23,2950.0,1150.0,0.6889,0.0
DB02_to_DK06#alt2,2,24,3000.0,1150.0,0.6241,0.0
DB02_to_DK06#alt2,2,25,3050.0,1150.0,0.5483,0.0
DB02_to_DK06#alt2,2,26,3100.0,1150.0,0.4931,0.0
DB02_to_DK06#alt2,2,27,3150.0,1150.0,0.4346,0.0
DB02_to_DK06#alt2,2,28,3200.0,1200.0,0.4076,0.0
DB02_to_DK06#alt2,2,29,3250.0,1200.0,0.3485,0.0
DB02_to_DK06#alt2,2,30,3300.0,1200.0,0.2972,0.0
DB02_to_DK06#alt2,2,31,3350.0,1200.0,0.253,0.0
DB02_to_DK06#alt2,2,32,3400.0,1200.0,0.2151,0.0
DB02_to_DK06#alt2,2,33,3450.0,1200.0,0.1937,0.0
DB02_to_DK06#alt2,2,34,3500.0,1200.0,0.2057,0.0
DB02_to_DK06#alt2,2,35,3550.0,1200.0,0.2151,0.0
DB02_to_DK06#alt2,2,36,3600.0,1200.0,0.2211,0.0
DB02_to_DK06#alt3,3,0,1800.0,1100.0,0.1183,0.0
DB02_to_DK06#alt3,3,1,1850.0,1100.0,0.1062,0.0
DB02_to_DK06#alt3,3,2,1900.0,1100.0,0.0987,0.0
DB02_to_DK06#alt3,3,3,1950.0,1100.0,0.1069,0.0
DB02_to_DK06#alt3,3,4,2000.0,1100.0,0.1146,0.0
DB02_to_DK06#alt3,3,5,2050.0,1100.0,0.1215,0.0
DB02_to_DK06#alt3,3,6,2100.0,1100.0,0.1273,0.0
DB02_to_DK06#alt3,3,7,2150.0,1100.0,0.1317,0.0
DB02_to_DK06#alt3,3,8,2200.0,1100.0,0.1344,0.0
DB02_to_DK06#alt3,3,9,2250.0,1100.0,0.1422,0.0
DB02_to_DK06#alt3,3,10,2300.0,1150.0,0.1755,0.0
DB02_to_DK06#alt3,3,11,2350.0,1150.0,0.2057,0.0
DB02_to_DK06#alt3,3,12,2400.0,1150.0,0.2407,0.0
DB02_to_DK06#alt3,3,13,2450.0,1150.0,0.281,0.0
DB02_to_DK06#alt3,3,14,2500.0,1150.0,0.3269,0.0
DB02_to_DK06#alt3,3,15,2550.0,1150.0,0.3784,0.0
DB02_to_DK06#alt3,3,16,2600.0,1150.0,0.4346,0.0
DB02_to_DK06#alt3,3,17,2650.0,1150.0,0.4931,0.0
DB02_to_DK06#alt3,3,18,2700.0,1150.0,0.5483,0.0
DB02_to_DK06#alt3,3,19,2750.0,1150.0,0.6241,0.0
DB02_to_DK06#alt3,3,20,2800.0,1150.0,0.6889,0.0
DB02_to_DK06#alt3,3,21,2850.0,1150.0,0.7165,0.0
DB02_to_DK06#alt3,3,22,2900.0,1150.0,0.7165,0.0
DB02_to_DK06#alt3,3,23,2950.0,1150.0,0.6889,0.0
DB02_to_DK06#alt3,3,24,3000.0,1150.0,0.6241,0.0
DB02_to_DK06#alt3,3,25,3050.0,1150.0,0.5483,0.0
DB02_to_DK06#alt3,3,26,3100.0,1150.0,0.4931,0.0
DB02_to_DK06#alt3,3,27,3150.0,1150.0,0.4346,0.0
DB02_to_DK06#alt3,3,28,3200.0,1200.0,0.4076,0.0
DB02_to_DK06#alt3,3,29,3250.0,1200.0,0.3485,0.0
DB02_to_DK06#alt3,3,30,3300.0,1200.0,0.2972,0.0
DB02_to_DK06#alt3,3,31,3350.0,1200.0,0.253,0.0
DB02_to_DK06#alt3,3,32,3400.0,1200.0,0.2151,0.0
DB02_to_DK06#alt3,3,33,3450.0,1200.0,0.1937,0.0
DB02_to_DK06#alt3,3,34,3500.0,1200.0,0.2057,0.0
DB02_to_DK06#alt3,3,35,3550.0,1200.0,0.2151,0.0
DB02_to_DK06#alt3,3,36,3600.0,1200.0,0.2211,0.0
DB02_to_DK06#alt4,4,0,1800.0,1100.0,0.1183,0.0
DB02_to_DK06#alt4,4,1,1850.0,1100.0,0.1062,0.0
DB02_to_DK06#alt4,4,2,1900.0,1100.0,0.0987,0.0
DB02_to_DK06#alt4,4,3,1950.0,1100.0,0.1069,0.0
DB02_to_DK06#alt4,4,4,2000.0,1100.0,0.1146,0.0
DB02_to_DK06#alt4,4,5,2050.0,1100.0,0.1215,0.0
DB02_to_DK06#alt4,4,6,2100.0,1100.0,0.1273,0.0
DB02_to_DK06#alt4,4,7,2150.0,1100.0,0.1317,0.0
DB02_to_DK06#alt4,4,8,2200.0,1100.0,0.1344,0.0
DB02_to_DK06#alt4,4,9,2250.0,1100.0,0.1422,0.0
DB02_to_DK06#alt4,4,10,2300.0,1150.0,0.1755,0.0
DB02_to_DK06#alt4,4,11,2350.0,1150.0,0.2057,0.0
DB02_to_DK06#alt4,4,12,2400.0,1150.0,0.2407,0.0
DB02_to_DK06#alt4,4,13,2450.0,1150.0,0.281,0.0
DB02_to_DK06#alt4,4,14,2500.0,1150.0,0.3269,0.0
DB02_to_DK06#alt4,4,15,2550.0,1150.0,0.3784,0.0
DB02_to_DK06#alt4,4,16,2600.0,1150.0,0.4346,0.0
DB02_to_DK06#alt4,4,17,2650.0,1150.0,0.4931,0.0
DB02_to_DK06#alt4,4,18,2700.0,1150.0,0.5483,0.0
DB02_to_DK06#alt4,4,19,2750.0,1150.0,0.6241,0.0
DB02_to_DK06#alt4,4,20,2800.0,1150.0,0.6889,0.0
DB02_to_DK06#alt4,4,21,2850.0,1150.0,0.7165,0.0
DB02_to_DK06#alt4,4,22,2900.0,1150.0,0.7165,0.0
DB02_to_DK06#alt4,4,23,2950.0,1150.0,0.6889,0.0
DB02_to_DK06#alt4,4,24,3000.0,1150.0,0.6241,0.0
DB02_to_DK06#alt4,4,25,3050.0,1150.0,0.5483,0.0
DB02_to_DK06#alt4,4,26,3100.0,1150.0,0.4931,0.0
DB02_to_DK06#alt4,4,27,3150.0,1150.0,0.4346,0.0
DB02_to_DK06#alt4,4,28,3200.0,1200.0,0.4076,0.0
DB02_to_DK06#alt4,4,29,3250.0,1200.0,0.3485,0.0
DB02_to_DK06#alt4,4,30,3300.0,1200.0,0.2972,0.0
DB02_to_DK06#alt4,4,31,3350.0,1200.0,0.253,0.0
DB02_to_DK06#alt4,4,32,3400.0,1200.0,0.2151,0.0
DB02_to_DK06#alt4,4,33,3450.0,1200.0,0.1937,0.0
DB02_to_DK06#alt4,4,34,3500.0,1200.0,0.2057,0.0
DB02_to_DK06#alt4,4,35,3550.0,1200.0,0.2151,0.0
DB02_to_DK06#alt4,4,36,3600.0,1200.0,0.2211,0.0
DB02_to_DK06#alt5,5,0,1800.0,1100.0,0.1183,0.0
DB02_to_DK06#alt5,5,1,1850.0,1100.0,0.1062,0.0
DB02_to_DK06#alt5,5,2,1900.0,1100.0,0.0987,0.0
DB02_to_DK06#alt5,5,3,1950.0,1100.0,0.1069,0.0
DB02_to_DK06#alt5,5,4,2000.0,1100.0,0.1146,0.0
DB02_to_DK06#alt5,5,5,2050.0,1100.0,0.1215,0.0
DB02_to_DK06#alt5,5,6,2100.0,1100.0,0.1273,0.0
DB02_to_DK06#alt5,5,7,2150.0,1100.0,0.1317,0.0
DB02_to_DK06#alt5,5,8,2200.0,1100.0,0.1344,0.0
DB02_to_DK06#alt5,5,9,2250.0,1100.0,0.1422,0.0
DB02_to_DK06#alt5,5,10,2300.0,1150.0,0.1755,0.0
DB02_to_DK06#alt5,5,11,2350.0,1150.0,0.2057,0.0
DB02_to_DK06#alt5,5,12,2400.0,1150.0,0.2407,0.0
DB02_to_DK06#alt5,5,13,2450.0,1150.0,0.281,0.0
DB02_to_DK06#alt5,5,14,2500.0,1150.0,0.3269,0.0
DB02_to_DK06#alt5,5,15,2550.0,1150.0,0.3784,0.0
DB02_to_DK06#alt5,5,16,2600.0,1150.0,0.4346,0.0
DB02_to_DK06#alt5,5,17,2650.0,1150.0,0.4931,0.0
DB02_to_DK06#alt5,5,18,2700.0,1150.0,0.5483,0.0
DB02_to_DK06#alt5,5,19,2750.0,1150.0,0.6241,0.0
DB02_to_DK06#alt5,5,20,2800.0,1150.0,0.6889,0.0
DB02_to_DK06#alt5,5,21,2850.0,1150.0,0.7165,0.0
DB02_to_DK06#alt5,5,22,2900.0,1150.0,0.7165,0.0
DB02_to_DK06#alt5,5,23,2950.0,1150.0,0.6889,0.0
DB02_to_DK06#alt5,5,24,3000.0,1150.0,0.6241,0.0
DB02_to_DK06#alt5,5,25,3050.0,1150.0,0.5483,0.0
DB02_to_DK06#alt5,5,26,3100.0,1150.0,0.4931,0.0
DB02_to_DK06#alt5,5,27,3150.0,1150.0,0.4346,0.0
DB02_to_DK06#alt5,5,28,3200.0,1200.0,0.4076,0.0
DB02_to_DK06#alt5,5,29,3250.0,1200.0,0.3485,0.0
DB02_to_DK06#alt5,5,30,3300.0,1200.0,0.2972,0.0
DB02_to_DK06#alt5,5,31,3350.0,1200.0,0.253,0.0
DB02_to_DK06#alt5,5,32,3400.0,1200.0,0.2151,0.0
DB02_to_DK06#alt5,5,33,3450.0,1200.0,0.1937,0.0
DB02_to_DK06#alt5,5,34,3500.0,1200.0,0.2057,0.0
DB02_to_DK06#alt5,5,35,3550.0,1200.0,0.2151,0.0
DB02_to_DK06#alt5,5,36,3600.0,1200.0,0.2211,0.0
DB02_to_DK06#alt6,6,0,1800.0,1100.0,0.1183,0.0
DB02_to_DK06#alt6,6,1,1850.0,1100.0,0.1062,0.0
DB02_to_DK06#alt6,6,2,1900.0,1100.0,0.0987,0.0
DB02_to_DK06#alt6,6,3,1950.0,1100.0,0.1069,0.0
DB02_to_DK06#alt6,6,4,2000.0,1100.0,0.1146,0.0
DB02_to_DK06#alt6,6,5,2050.0,1100.0,0.1215,0.0
DB02_to_DK06#alt6,6,6,2100.0,1100.0,0.1273,0.0
DB02_to_DK06#alt6,6,7,2150.0,1100.0,0.1317,0.0
DB02_to_DK06#alt6,6,8,2200.0,1100.0,0.1344,0.0
DB02_to_DK06#alt6,6,9,2250.0,1100.0,0.1422,0.0
DB02_to_DK06#alt6,6,10,2300.0,1150.0,0.1755,0.0
DB02_to_DK06#alt6,6,11,2350.0,1150.0,0.2057,0.0
DB02_to_DK06#alt6,6,12,2400.0,1150.0,0.2407,0.0
DB02_to_DK06#alt6,6,13,2450.0,1150.0,0.281,0.0
DB02_to_DK06#alt6,6,14,2500.0,1150.0,0.3269,0.0
DB02_to_DK06#alt6,6,15,2550.0,1150.0,0.3784,0.0
DB02_to_DK06#alt6,6,16,2600.0,1150.0,0.4346,0.0
DB02_to_DK06#alt6,6,17,2650.0,1150.0,0.4931,0.0
DB02_to_DK06#alt6,6,18,2700.0,1150.0,0.5483,0.0
DB02_to_DK06#alt6,6,19,2750.0,1150.0,0.6241,0.0
DB02_to_DK06#alt6,6,20,2800.0,1150.0,0.6889,0.0
DB02_to_DK06#alt6,6,21,2850.0,1150.0,0.7165,0.0
DB02_to_DK06#alt6,6,22,2900.0,1150.0,0.7165,0.0
DB02_to_DK06#alt6,6,23,2950.0,1150.0,0.6889,0.0
DB02_to_DK06#alt6,6,24,3000.0,1150.0,0.6241,0.0
DB02_to_DK06#alt6,6,25,3050.0,1150.0,0.5483,0.0
DB02_to_DK06#alt6,6,26,3100.0,1150.0,0.4931,0.0
DB02_to_DK06#alt6,6,27,3150.0,1150.0,0.4346,0.0
DB02_to_DK06#alt6,6,28,3200.0,1200.0,0.4076,0.0
DB02_to_DK06#alt6,6,29,3250.0,1200.0,0.3485,0.0
DB02_to_DK06#alt6,6,30,3300.0,1200.0,0.2972,0.0
DB02_to_DK06#alt6,6,31,3350.0,1200.0,0.253,0.0
DB02_to_DK06#alt6,6,32,3400.0,1200.0,0.2151,0.0
DB02_to_DK06#alt6,6,33,3450.0,1200.0,0.1937,0.0
DB02_to_DK06#alt6,6,34,3500.0,1200.0,0.2057,0.0
DB02_to_DK06#alt6,6,35,3550.0,1200.0,0.2151,0.0
DB02_to_DK06#alt6,6,36,3600.0,1200.0,0.2211,0.0
DB02_to_DK06#alt7,7,0,1800.0,1100.0,0.1183,0.0
DB02_to_DK06#alt7,7,1,1850.0,1100.0,0.1062,0.0
DB02_to_DK06#alt7,7,2,1900.0,1100.0,0.0987,0.0
DB02_to_DK06#alt7,7,3,1950.0,1100.0,0.1069,0.0
DB02_to_DK06#alt7,7,4,2000.0,1100.0,0.1146,0.0
DB02_to_DK06#alt7,7,5,2050.0,1100.0,0.1215,0.0
DB02_to_DK06#alt7,7,6,2100.0,1100.0,0.1273,0.0
DB02_to_DK06#alt7,7,7,2150.0,1100.0,0.1317,0.0
DB02_to_DK06#alt7,7,8,2200.0,1100.0,0.1344,0.0
DB02_to_DK06#alt7,7,9,2250.0,1100.0,0.1422,0.0
DB02_to_DK06#alt7,7,10,2300.0,1150.0,0.1755,0.0
DB02_to_DK06#alt7,7,11,2350.0,1150.0,0.2057,0.0
DB02_to_DK06#alt7,7,12,2400.0,1150.0,0.2407,0.0
DB02_to_DK06#alt7,7,13,2450.0,1150.0,0.281,0.0
DB02_to_DK06#alt7,7,14,2500.0,1150.0,0.3269,0.0
DB02_to_DK06#alt7,7,15,2550.0,1150.0,0.3784,0.0
DB02_to_DK06#alt7,7,16,2600.0,1150.0,0.4346,0.0
DB02_to_DK06#alt7,7,17,2650.0,1150.0,0.4931,0.0
DB02_to_DK06#alt7,7,18,2700.0,1150.0,0.5483,0.0
DB02_to_DK06#alt7,7,19,2750.0,1150.0,0.6241,0.0
DB02_to_DK06#alt7,7,20,2800.0,1150.0,0.6889,0.0
DB02_to_DK06#alt7,7,21,2850.0,1150.0,0.7165,0.0
DB02_to_DK06#alt7,7,22,2900.0,1150.0,0.7165,0.0
DB02_to_DK06#alt7,7,23,2950.0,1150.0,0.6889,0.0
DB02_to_DK06#alt7,7,24,3000.0,1150.0,0.6241,0.0
DB02_to_DK06#alt7,7,25,3050.0,1150.0,0.5483,0.0
DB02_to_DK06#alt7,7,26,3100.0,1150.0,0.4931,0.0
DB02_to_DK06#alt7,7,27,3150.0,1150.0,0.4346,0.0
DB02_to_DK06#alt7,7,28,3200.0,1200.0,0.4076,0.0
DB02_to_DK06#alt7,7,29,3250.0,1200.0,0.3485,0.0
DB02_to_DK06#alt7,7,30,3300.0,1200.0,0.2972,0.0
DB02_to_DK06#alt7,7,31,3350.0,1200.0,0.253,0.0
DB02_to_DK06#alt7,7,32,3400.0,1200.0,0.2151,0.0
DB02_to_DK06#alt7,7,33,3450.0,1200.0,0.1937,0.0
DB02_to_DK06#alt7,7,34,3500.0,1200.0,0.2057,0.0
DB02_to_DK06#alt7,7,35,3550.0,1200.0,0.2151,0.0
DB02_to_DK06#alt7,7,36,3600.0,1200.0,0.2211,0.0
DB01_to_DK05#alt0,0,0,1000.0,3900.0,0.7165,0.0
DB01_to_DK05#alt0,0,1,1050.0,3950.0,0.6889,0.0
DB01_to_DK05#alt0,0,2,1100.0,3950.0,0.7165,0.0
DB01_to_DK05#alt0,0,3,1150.0,4000.0,0.6241,0.0
DB01_to_DK05#alt0,0,4,1200.0,4050.0,0.6241,0.0
DB01_to_DK05#alt0,0,5,1250.0,4050.0,0.6889,0.0
DB01_to_DK05#alt0,0,6,1300.0,4000.0,0.6889,0.0
DB01_to_DK05#alt0,0,7,1350.0,4000.0,0.6241,0.0
DB01_to_DK05#alt0,0,8,1400.0,4000.0,0.6065,0.0
DB01_to_DK05#alt0,0,9,1450.0,3950.0,0.6889,0.0
DB01_to_DK05#alt0,0,10,1500.0,3950.0,0.6241,0.0
DB01_to_DK05#alt0,0,11,1550.0,3950.0,0.6889,0.0
DB01_to_DK05#alt0,0,12,1600.0,3900.0,0.6889,0.0
DB01_to_DK05#alt0,0,13,1650.0,3900.0,0.7165,0.0
DB01_to_DK05#alt0,0,14,1700.0,3900.0,0.7165,0.0
DB01_to_DK05#alt0,0,15,1750.0,3900.0,0.7165,0.0
DB01_to_DK05#alt0,0,16,1800.0,3900.0,0.6889,0.0
DB01_to_DK05#alt0,0,17,1850.0,3950.0,0.7165,0.0
DB01_to_DK05#alt0,0,18,1900.0,3950.0,0.6889,0.0
DB01_to_DK05#alt0,0,19,1950.0,3950.0,0.6241,0.0
DB01_to_DK05#alt0,0,20,1950.0,4000.0,0.6889,0.0
DB01_to_DK05#alt0,0,21,2000.0,4050.0,0.6889,0.0
DB01_to_DK05#alt0,0,22,2000.0,4100.0,0.7165,0.0
DB01_to_DK05#alt0,0,23,2050.0,4100.0,0.6065,0.0
DB01_to_DK05#alt0,0,24,2100.0,4150.0,0.5134,0.0
DB01_to_DK05#alt0,0,25,2150.0,4150.0,0.4346,0.0
DB01_to_DK05#alt0,0,26,2200.0,4200.0,0.3679,0.0
DB01_to_DK05#alt0,0,27,2250.0,4200.0,0.3269,0.0
DB01_to_DK05#alt0,0,28,2300.0,4250.0,0.344,0.0
DB01_to_DK05#alt0,0,29,2350.0,4250.0,0.3077,0.0
DB01_to_DK05#alt0,0,30,2400.0,4300.0,0.3077,0.0
DB01_to_DK05#alt0,0,31,2450.0,4300.0,0.3628,0.0
DB01_to_DK05#alt0,0,32,2500.0,4350.0,0.4076,0.0
DB01_to_DK05#alt0,0,33,2550.0,4350.0,0.4746,0.0
DB01_to_DK05#alt0,0,34,2600.0,4400.0,0.503,0.0
DB01_to_DK05#alt0,0,35,2650.0,4400.0,0.5903,0.0
DB01_to_DK05#alt0,0,36,2700.0,4450.0,0.6241,0.0
DB01_to_DK05#alt0,0,37,2750.0,4450.0,0.6889,0.0
DB01_to_DK05#alt0,0,38,2800.0,4500.0,0.6889,0.0
DB01_to_DK05#alt0,0,39,2850.0,4500.0,0.7165,0.0
DB01_to_DK05#alt0,0,40,2900.0,4550.0,0.6889,0.0
DB01_to_DK05#alt0,0,41,2950.0,4550.0,0.7165,0.0
DB01_to_DK05#alt0,0,42,3000.0,4600.0,0.6065,0.0
DB01_to_DK05#alt0,0,43,3050.0,4600.0,0.6065,0.0
DB01_to_DK05#alt0,0,44,3100.0,4650.0,0.503,0.0
DB01_to_DK05#alt0,0,45,3150.0,4650.0,0.4746,0.0
DB01_to_DK05#alt0,0,46,3200.0,4700.0,0.3784,0.0
DB01_to_DK05#alt0,0,47,3250.0,4700.0,0.3485,0.0
DB01_to_DK05#alt0,0,48,3300.0,4750.0,0.281,0.0
DB01_to_DK05#alt0,0,49,3350.0,4750.0,0.2609,0.0
DB01_to_DK05#alt0,0,50,3400.0,4800.0,0.2076,0.0
DB01_to_DK05#alt0,0,51,3450.0,4800.0,0.1889,0.0
DB01_to_DK05#alt0,0,52,3500.0,4850.0,0.2211,0.0
DB01_to_DK05#alt0,0,53,3550.0,4800.0,0.2636,0.0
DB01_to_DK05#alt0,0,54,3550.0,4750.0,0.2636,0.0
DB01_to_DK05#alt0,0,55,3600.0,4700.0,0.3077,0.0
DB01_to_DK05#alt0,0,56,3600.0,4650.0,0.2972,0.0
DB01_to_DK05#alt0,0,57,3650.0,4600.0,0.3269,0.0
DB01_to_DK05#alt0,0,58,3650.0,4550.0,0.3114,0.0
DB01_to_DK05#alt0,0,59,3700.0,4500.0,0.3679,0.0
DB01_to_DK05#alt0,0,60,3750.0,4450.0,0.4346,0.0
DB01_to_DK05#alt0,0,61,3750.0,4400.0,0.5134,0.0
DB01_to_DK05#alt0,0,62,3800.0,4350.0,0.5903,0.0
DB01_to_DK05#alt0,0,63,3800.0,4300.0,0.6889,0.0
DB01_to_DK05#alt0,0,64,3850.0,4250.0,0.6889,0.0
DB01_to_DK05#alt0,0,65,3900.0,4200.0,0.6889,0.0
DB01_to_DK05#alt0,0,66,3900.0,4150.0,0.7165,0.0
DB01_to_DK05#alt0,0,67,3950.0,4100.0,0.6065,0.0
DB01_to_DK05#alt0,0,68,3950.0,4050.0,0.5903,0.0
DB01_to_DK05#alt0,0,69,4000.0,4000.0,0.6241,0.0
DB01_to_DK05#alt0,0,70,4000.0,3950.0,0.6889,0.0
DB01_to_DK05#alt0,0,71,4050.0,3900.0,0.6889,0.0
DB01_to_DK05#alt0,0,72,4100.0,3850.0,0.6065,0.0
DB01_to_DK05#alt0,0,73,4100.0,3800.0,0.6065,0.0
DB01_to_DK05#alt0,0,74,4150.0,3750.0,0.5134,0.0
DB01_to_DK05#alt0,0,75,4150.0,3700.0,0.5134,0.0
DB01_to_DK05#alt0,0,76,4200.0,3650.0,0.4346,0.0
DB01_to_DK05#alt0,0,77,4200.0,3600.0,0.4931,0.0
DB01_to_DK05#alt0,0,78,4250.0,3550.0,0.4746,0.0
DB01_to_DK05#alt0,0,79,4300.0,3500.0,0.4275,0.0
DB01_to_DK05#alt0,0,80,4300.0,3450.0,0.4346,0.0
DB01_to_DK05#alt0,0,81,4350.0,3400.0,0.3679,0.0
DB01_to_DK05#alt0,0,82,4350.0,3350.0,0.3628,0.0
DB01_to_DK05#alt0,0,83,4400.0,3300.0,0.2972,0.0
DB01_to_DK05#alt0,0,84,4450.0,3250.0,0.2721,0.0
DB01_to_DK05#alt0,0,85,4450.0,3200.0,0.3077,0.0
DB01_to_DK05#alt0,0,86,4500.0,3150.0,0.3077,0.0
DB01_to_DK05#alt0,0,87,4500.0,3100.0,0.344,0.0
DB01_to_DK05#alt0,0,88,4550.0,3050.0,0.3269,0.0
DB01_to_DK05#alt0,0,89,4550.0,3000.0,0.3485,0.0
DB01_to_DK05#alt0,0,90,4600.0,2950.0,0.3269,0.0
DB01_to_DK05#alt0,0,91,4650.0,2900.0,0.2972,0.0
DB01_to_DK05#alt0,0,92,4650.0,2850.0,0.3077,0.0
DB01_to_DK05#alt0,0,93,4700.0,2800.0,0.2636,0.0
DB01_to_DK05#alt0,0,94,4700.0,2750.0,0.2609,0.0
DB01_to_DK05#alt0,0,95,4750.0,2700.0,0.2151,0.0
DB01_to_DK05#alt0,0,96,4800.0,2650.0,0.1755,0.0
DB01_to_DK05#alt0,0,97,4800.0,2600.0,0.1661,0.0
DB01_to_DK05#alt0,0,98,4850.0,2550.0,0.1335,0.0
DB01_to_DK05#alt0,0,99,4850.0,2500.0,0.1239,0.0
DB01_to_DK05#alt0,0,100,4900.0,2450.0,0.0987,0.0
DB01_to_DK05#alt0,0,101,4900.0,2400.0,0.092,0.0
DB01_to_DK05#alt0,0,102,4950.0,2350.0,0.0839,0.0
DB01_to_DK05#alt0,0,103,4950.0,2300.0,0.0947,0.0
DB01_to_DK05#alt0,0,104,4950.0,2250.0,0.1062,0.0
DB01_to_DK05#alt1,1,0,1000.0,3900.0,0.7165,0.0
DB01_to_DK05#alt1,1,1,950.0,3900.0,0.6889,0.0
DB01_to_DK05#alt1,1,2,900.0,3850.0,0.6889,0.0
DB01_to_DK05#alt1,1,3,850.0,3850.0,0.6241,0.0
DB01_to_DK05#alt1,1,4,800.0,3800.0,0.5903,0.0
DB01_to_DK05#alt1,1,5,750.0,3800.0,0.503,0.0
DB01_to_DK05#alt1,1,6,700.0,3750.0,0.4746,0.0
DB01_to_DK05#alt1,1,7,650.0,3750.0,0.4076,0.0
DB01_to_DK05#alt1,1,8,600.0,3700.0,0.3628,0.0
DB01_to_DK05#alt1,1,9,550.0,3700.0,0.3077,0.0
DB01_to_DK05#alt1,1,10,500.0,3650.0,0.281,0.0
DB01_to_DK05#alt1,1,11,450.0,3650.0,0.2407,0.0
DB01_to_DK05#alt1,1,12,400.0,3600.0,0.2151,0.0
DB01_to_DK05#alt1,1,13,350.0,3600.0,0.1827,0.0
DB01_to_DK05#alt1,1,14,300.0,3550.0,0.1587,0.0
DB01_to_DK05#alt1,1,15,250.0,3550.0,0.1344,0.0
DB01_to_DK05#alt1,1,16,200.0,3500.0,0.1146,0.0
DB01_to_DK05#alt1,1,17,150.0,3500.0,0.097,0.0
DB01_to_DK05#alt1,1,18,100.0,3450.0,0.0816,0.0
DB01_to_DK05#alt1,1,19,50.0,3450.0,0.0691,0.0
DB01_to_DK05#alt1,1,20,50.0,3400.0,0.0681,0.0
DB01_to_DK05#alt1,1,21,100.0,3350.0,0.0781,0.0
DB01_to_DK05#alt1,1,22,100.0,3300.0,0.0752,0.0
DB01_to_DK05#alt1,1,23,150.0,3250.0,0.0839,0.0
DB01_to_DK05#alt1,1,24,150.0,3200.0,0.079,0.0
DB01_to_DK05#alt1,1,25,150.0,3150.0,0.0752,0.0
DB01_to_DK05#alt1,1,26,200.0,3100.0,0.0839,0.0
DB01_to_DK05#alt1,1,27,200.0,3050.0,0.079,0.0
DB01_to_DK05#alt1,1,28,250.0,3000.0,0.0854,0.0
DB01_to_DK05#alt1,1,29,250.0,2950.0,0.079,0.0
DB01_to_DK05#alt1,1,30,300.0,2900.0,0.0854,0.0
DB01_to_DK05#alt1,1,31,300.0,2850.0,0.0785,0.0
DB01_to_DK05#alt1,1,32,300.0,2800.0,0.0717,0.0
DB01_to_DK05#alt1,1,33,350.0,2750.0,0.074,0.0
DB01_to_DK05#alt1,1,34,350.0,2700.0,0.0663,0.0
DB01_to_DK05#alt1,1,35,400.0,2650.0,0.0663,0.0
DB01_to_DK05#alt1,1,36,400.0,2600.0,0.0591,0.0
DB01_to_DK05#alt1,1,37,400.0,2550.0,0.0524,0.0
DB01_to_DK05#alt1,1,38,450.0,2500.0,0.0514,0.0
DB01_to_DK05#alt1,1,39,450.0,2450.0,0.0514,0.0
DB01_to_DK05#alt1,1,40,500.0,2400.0,0.065,0.0
DB01_to_DK05#alt1,1,41,500.0,2350.0,0.074,0.0
DB01_to_DK05#alt1,1,42,500.0,2300.0,0.0839,0.0
DB01_to_DK05#alt1,1,43,550.0,2250.0,0.1062,0.0
DB01_to_DK05#alt1,1,44,550.0,2200.0,0.1199,0.0
DB01_to_DK05#alt1,1,45,600.0,2150.0,0.1517,0.0
DB01_to_DK05#alt1,1,46,600.0,2100.0,0.17,0.0
DB01_to_DK05#alt1,1,47,650.0,2050.0,0.2151,0.0
DB01_to_DK05#alt1,1,48,650.0,2000.0,0.2431,0.0
DB01_to_DK05#alt1,1,49,650.0,1950.0,0.2721,0.0
DB01_to_DK05#alt1,1,50,700.0,1900.0,0.344,0.0
DB01_to_DK05#alt1,1,51,700.0,1850.0,0.3895,0.0
DB01_to_DK05#alt1,1,52,750.0,1800.0,0.4931,0.0
DB01_to_DK05#alt1,1,53,750.0,1750.0,0.5483,0.0
DB01_to_DK05#alt1,1,54,750.0,1700.0,0.5903,0.0
DB01_to_DK05#alt1,1,55,800.0,1650.0,0.7165,0.0
DB01_to_DK05#alt1,1,56,800.0,1600.0,0.6889,0.0
DB01_to_DK05#alt1,1,57,850.0,1550.0,0.7165,0.0
DB01_to_DK05#alt1,1,58,850.0,1500.0,0.6889,0.0
DB01_to_DK05#alt1,1,59,850.0,1450.0,0.6241,0.0
DB01_to_DK05#alt1,1,60,900.0,1400.0,0.5903,0.0
DB01_to_DK05#alt1,1,61,900.0,1350.0,0.503,0.0
DB01_to_DK05#alt1,1,62,950.0,1300.0,0.4346,0.0
DB01_to_DK05#alt1,1,63,950.0,1250.0,0.3679,0.0
DB01_to_DK05#alt1,1,64,1000.0,1200.0,0.3114,0.0
DB01_to_DK05#alt1,1,65,1000.0,1150.0,0.2636,0.0
DB01_to_DK05#alt1,1,66,1000.0,1100.0,0.2231,0.0
DB01_to_DK05#alt1,1,67,1050.0,1050.0,0.2151,0.0
DB01_to_DK05#alt1,1,68,1050.0,1000.0,0.2431,0.0
DB01_to_DK05#alt1,1,69,1100.0,950.0,0.2384,0.0
DB01_to_DK05#alt1,1,70,1100.0,900.0,0.2609,0.0
DB01_to_DK05#alt1,1,71,1100.0,850.0,0.281,0.0
DB01_to_DK05#alt1,1,72,1150.0,800.0,0.253,0.0
DB01_to_DK05#alt1,1,73,1150.0,750.0,0.2609,0.0
DB01_to_DK05#alt1,1,74,1200.0,700.0,0.2231,0.0
DB01_to_DK05#alt1,1,75,1200.0,650.0,0.2231,0.0
DB01_to_DK05#alt1,1,76,1200.0,600.0,0.2211,0.0
DB01_to_DK05#alt1,1,77,1250.0,550.0,0.1827,0.0
DB01_to_DK05#alt1,1,78,1250.0,500.0,0.1755,0.0
DB01_to_DK05#alt1,1,79,1300.0,450.0,0.1422,0.0
DB01_to_DK05#alt1,1,80,1300.0,400.0,0.1335,0.0
DB01_to_DK05#alt1,1,81,1350.0,350.0,0.1069,0.0
DB01_to_DK05#alt1,1,82,1350.0,300.0,0.0987,0.0
DB01_to_DK05#alt1,1,83,1350.0,250.0,0.0904,0.0
DB01_to_DK05#alt1,1,84,1400.0,200.0,0.0717,0.0
DB01_to_DK05#alt1,1,85,1400.0,150.0,0.065,0.0
DB01_to_DK05#alt1,1,86,1450.0,100.0,0.0514,0.0
DB01_to_DK05#alt1,1,87,1450.0,50.0,0.0467,0.0
DB01_to_DK05#alt1,1,88,1500.0,50.0,0.0407,0.0
DB01_to_DK05#alt1,1,89,1550.0,50.0,0.0357,0.0
DB01_to_DK05#alt1,1,90,1600.0,50.0,0.0312,0.0
DB01_to_DK05#alt1,1,91,1650.0,50.0,0.0272,0.0
DB01_to_DK05#alt1,1,92,1700.0,50.0,0.0236,0.0
DB01_to_DK05#alt1,1,93,1750.0,50.0,0.0205,0.0
DB01_to_DK05#alt1,1,94,1800.0,50.0,0.0178,0.0
DB01_to_DK05#alt1,1,95,1850.0,100.0,0.0166,0.0
DB01_to_DK05#alt1,1,96,1900.0,100.0,0.0143,0.0
DB01_to_DK05#alt1,1,97,1950.0,100.0,0.0125,0.0
DB01_to_DK05#alt1,1,98,2000.0,100.0,0.0147,0.0
DB01_to_DK05#alt1,1,99,2050.0,100.0,0.0173,0.0
DB01_to_DK05#alt1,1,100,2100.0,100.0,0.0204,0.0
DB01_to_DK05#alt1,1,101,2150.0,100.0,0.0241,0.0
DB01_to_DK05#alt1,1,102,2200.0,100.0,0.0284,0.0
DB01_to_DK05#alt1,1,103,2250.0,100.0,0.0334,0.0
DB01_to_DK05#alt1,1,104,2300.0,100.0,0.0393,0.0
DB01_to_DK05#alt1,1,105,2350.0,100.0,0.0463,0.0
DB01_to_DK05#alt1,1,106,2400.0,100.0,0.0544,0.0
DB01_to_DK05#alt1,1,107,2450.0,100.0,0.064,0.0
DB01_to_DK05#alt1,1,108,2500.0,100.0,0.0752,0.0
DB01_to_DK05#alt1,1,109,2550.0,100.0,0.0883,0.0
DB01_to_DK05#alt1,1,110,2600.0,100.0,0.1036,0.0
DB01_to_DK05#alt1,1,111,2650.0,150.0,0.1273,0.0
DB01_to_DK05#alt1,1,112,2700.0,150.0,0.1495,0.0
DB01_to_DK05#alt1,1,113,2750.0,150.0,0.1755,0.0
DB01_to_DK05#alt1,1,114,2800.0,150.0,0.2057,0.0
DB01_to_DK05#alt1,1,115,2850.0,150.0,0.2407,0.0
DB01_to_DK05#alt1,1,116,2900.0,150.0,0.281,0.0
DB01_to_DK05#alt1,1,117,2950.0,150.0,0.3269,0.0
DB01_to_DK05#alt1,1,118,3000.0,150.0,0.3784,0.0
DB01_to_DK05#alt1,1,119,3050.0,150.0,0.4346,0.0
DB01_to_DK05#alt1,1,120,3100.0,150.0,0.4931,0.0
DB01_to_DK05#alt1,1,121,3150.0,150.0,0.5483,0.0
DB01_to_DK05#alt1,1,122,3200.0,150.0,0.5903,0.0
DB01_to_DK05#alt1,1,123,3250.0,150.0,0.6065,0.0
DB01_to_DK05#alt1,1,124,3300.0,150.0,0.6065,0.0
DB01_to_DK05#alt1,1,125,3350.0,150.0,0.6065,0.0
DB01_to_DK05#alt1,1,126,3400.0,200.0,0.7165,0.0
DB01_to_DK05#alt1,1,127,3450.0,200.0,0.7165,0.0
DB01_to_DK05#alt1,1,128,3500.0,200.0,0.7165,0.0
DB01_to_DK05#alt1,1,129,3550.0,200.0,0.7165,0.0
DB01_to_DK05#alt1,1,130,3600.0,200.0,0.7165,0.0
DB01_to_DK05#alt1,1,131,3650.0,200.0,0.6889,0.0
DB01_to_DK05#alt1,1,132,3700.0,200.0,0.6241,0.0
DB01_to_DK05#alt1,1,133,3750.0,200.0,0.5483,0.0
DB01_to_DK05#alt1,1,134,3800.0,250.0,0.5483,0.0
DB01_to_DK05#alt1,1,135,3800.0,300.0,0.6241,0.0
DB01_to_DK05#alt1,1,136,3850.0,350.0,0.6889,0.0
DB01_to_DK05#alt1,1,137,3900.0,400.0,0.6889,0.0
DB01_to_DK05#alt1,1,138,3900.0,450.0,0.7165,0.0
DB01_to_DK05#alt1,1,139,3950.0,500.0,0.6889,0.0
DB01_to_DK05#alt1,1,140,3950.0,550.0,0.7165,0.0
DB01_to_DK05#alt1,1,141,4000.0,600.0,0.6889,0.0
DB01_to_DK05#alt1,1,142,4050.0,650.0,0.6889,0.0
DB01_to_DK05#alt1,1,143,4100.0,650.0,0.7165,0.0
DB01_to_DK05#alt1,1,144,4150.0,700.0,0.6889,0.0
DB01_to_DK05#alt1,1,145,4200.0,750.0,0.6065,0.0
DB01_to_DK05#alt1,1,146,4250.0,800.0,0.5134,0.0
DB01_to_DK05#alt1,1,147,4300.0,800.0,0.5134,0.0
DB01_to_DK05#alt1,1,148,4350.0,850.0,0.4275,0.0
DB01_to_DK05#alt1,1,149,4400.0,900.0,0.3485,0.0
DB01_to_DK05#alt1,1,150,4450.0,950.0,0.281,0.0
DB01_to_DK05#alt1,1,151,4500.0,1000.0,0.2252,0.0
DB01_to_DK05#alt1,1,152,4550.0,1000.0,0.2076,0.0
DB01_to_DK05#alt1,1,153,4600.0,1050.0,0.1648,0.0
DB01_to_DK05#alt1,1,154,4650.0,1100.0,0.1308,0.0
DB01_to_DK05#alt1,1,155,4650.0,1150.0,0.1335,0.0
DB01_to_DK05#alt1,1,156,4700.0,1200.0,0.1432,0.0
DB01_to_DK05#alt1,1,157,4700.0,1250.0,0.1648,0.0
DB01_to_DK05#alt1,1,158,4700.0,1300.0,0.1889,0.0
DB01_to_DK05#alt1,1,159,4700.0,1350.0,0.2151,0.0
DB01_to_DK05#alt1,1,160,4750.0,1400.0,0.2151,0.0
DB01_to_DK05#alt1,1,161,4750.0,1450.0,0.2431,0.0
DB01_to_DK05#alt1,1,162,4750.0,1500.0,0.2721,0.0
DB01_to_DK05#alt1,1,163,4750.0,1550.0,0.3006,0.0
DB01_to_DK05#alt1,1,164,4800.0,1600.0,0.281,0.0
DB01_to_DK05#alt1,1,165,4800.0,1650.0,0.2972,0.0
DB01_to_DK05#alt1,1,166,4800.0,1700.0,0.3077,0.0
DB01_to_DK05#alt1,1,167,4800.0,1750.0,0.3114,0.0
DB01_to_DK05#alt1,1,168,4850.0,1800.0,0.2636,0.0
DB01_to_DK05#alt1,1,169,4850.0,1850.0,0.2609,0.0
DB01_to_DK05#alt1,1,170,4850.0,1900.0,0.253,0.0
DB01_to_DK05#alt1,1,171,4850.0,1950.0,0.2407,0.0
DB01_to_DK05#alt1,1,172,4900.0,2000.0,0.1937,0.0
DB01_to_DK05#alt1,1,173,4900.0,2050.0,0.1798,0.0
DB01_to_DK05#alt1,1,174,4900.0,2100.0,0.1648,0.0
DB01_to_DK05#alt1,1,175,4900.0,2150.0,0.1495,0.0
DB01_to_DK05#alt1,1,176,4950.0,2200.0,0.1183,0.0
DB01_to_DK05#alt1,1,177,4950.0,2250.0,0.1062,0.0
DB01_to_DK05#alt2,2,0,1000.0,3900.0,0.7165,0.0
DB01_to_DK05#alt2,2,1,1000.0,3950.0,0.6241,0.0
DB01_to_DK05#alt2,2,2,1000.0,4000.0,0.5483,0.0
DB01_to_DK05#alt2,2,3,1000.0,4050.0,0.4746,0.0
DB01_to_DK05#alt2,2,4,1000.0,4100.0,0.5483,0.0
DB01_to_DK05#alt2,2,5,1000.0,4150.0,0.6241,0.0
DB01_to_DK05#alt2,2,6,1050.0,4200.0,0.6241,0.0
DB01_to_DK05#alt2,2,7,1050.0,4250.0,0.6889,0.0
DB01_to_DK05#alt2,2,8,1050.0,4300.0,0.7165,0.0
DB01_to_DK05#alt2,2,9,1050.0,4350.0,0.7165,0.0
DB01_to_DK05#alt2,2,10,1050.0,4400.0,0.6889,0.0
DB01_to_DK05#alt2,2,11,1050.0,4450.0,0.6241,0.0
DB01_to_DK05#alt2,2,12,1100.0,4500.0,0.5903,0.0
DB01_to_DK05#alt2,2,13,1150.0,4550.0,0.6241,0.0
DB01_to_DK05#alt2,2,14,1200.0,4550.0,0.6889,0.0
DB01_to_DK05#alt2,2,15,1250.0,4600.0,0.6065,0.0
DB01_to_DK05#alt2,2,16,1300.0,4650.0,0.5134,0.0
DB01_to_DK05#alt2,2,17,1350.0,4650.0,0.5134,0.0
DB01_to_DK05#alt2,2,18,1400.0,4700.0,0.4346,0.0
DB01_to_DK05#alt2,2,19,1450.0,4700.0,0.4346,0.0
DB01_to_DK05#alt2,2,20,1500.0,4750.0,0.3679,0.0
DB01_to_DK05#alt2,2,21,1550.0,4750.0,0.3628,0.0
DB01_to_DK05#alt2,2,22,1600.0,4800.0,0.4076,0.0
DB01_to_DK05#alt2,2,23,1650.0,4800.0,0.4746,0.0
DB01_to_DK05#alt2,2,24,1700.0,4800.0,0.5483,0.0
DB01_to_DK05#alt2,2,25,1750.0,4850.0,0.5483,0.0
DB01_to_DK05#alt2,2,26,1800.0,4850.0,0.6241,0.0
DB01_to_DK05#alt2,2,27,1850.0,4900.0,0.6241,0.0
DB01_to_DK05#alt2,2,28,1900.0,4900.0,0.6889,0.0
DB01_to_DK05#alt2,2,29,1950.0,4950.0,0.6889,0.0
DB01_to_DK05#alt2,2,30,2000.0,4950.0,0.7165,0.0
DB01_to_DK05#alt2,2,31,2050.0,4950.0,0.7165,0.0
DB01_to_DK05#alt2,2,32,2100.0,4950.0,0.6889,0.0
DB01_to_DK05#alt2,2,33,2150.0,4900.0,0.7165,0.0
DB01_to_DK05#alt2,2,34,2200.0,4900.0,0.6889,0.0
DB01_to_DK05#alt2,2,35,2250.0,4900.0,0.6241,0.0
DB01_to_DK05#alt2,2,36,2300.0,4900.0,0.5483,0.0
DB01_to_DK05#alt2,2,37,2350.0,4850.0,0.5483,0.0
DB01_to_DK05#alt2,2,38,2400.0,4850.0,0.4746,0.0
DB01_to_DK05#alt2,2,39,2450.0,4850.0,0.4076,0.0
DB01_to_DK05#alt2,2,40,2500.0,4850.0,0.3485,0.0
DB01_to_DK05#alt2,2,41,2550.0,4800.0,0.3077,0.0
DB01_to_DK05#alt2,2,42,2600.0,4800.0,0.2609,0.0
DB01_to_DK05#alt2,2,43,2650.0,4800.0,0.2252,0.0
DB01_to_DK05#alt2,2,44,2700.0,4800.0,0.2407,0.0
DB01_to_DK05#alt2,2,45,2750.0,4750.0,0.3006,0.0
DB01_to_DK05#alt2,2,46,2800.0,4750.0,0.3269,0.0
DB01_to_DK05#alt2,2,47,2850.0,4750.0,0.3485,0.0
DB01_to_DK05#alt2,2,48,2900.0,4750.0,0.3628,0.0
DB01_to_DK05#alt2,2,49,2950.0,4700.0,0.4346,0.0
DB01_to_DK05#alt2,2,50,3000.0,4700.0,0.4346,0.0
DB01_to_DK05#alt2,2,51,3050.0,4700.0,0.4346,0.0
DB01_to_DK05#alt2,2,52,3100.0,4700.0,0.4275,0.0
DB01_to_DK05#alt2,2,53,3150.0,4650.0,0.4746,0.0
DB01_to_DK05#alt2,2,54,3200.0,4650.0,0.4346,0.0
DB01_to_DK05#alt2,2,55,3250.0,4650.0,0.4076,0.0
DB01_to_DK05#alt2,2,56,3300.0,4650.0,0.3784,0.0
DB01_to_DK05#alt2,2,57,3350.0,4600.0,0.3895,0.0
DB01_to_DK05#alt2,2,58,3400.0,4600.0,0.344,0.0
DB01_to_DK05#alt2,2,59,3450.0,4600.0,0.3077,0.0
DB01_to_DK05#alt2,2,60,3500.0,4600.0,0.2721,0.0
DB01_to_DK05#alt2,2,61,3550.0,4550.0,0.2972,0.0
DB01_to_DK05#alt2,2,62,3600.0,4550.0,0.3077,0.0
DB01_to_DK05#alt2,2,63,3650.0,4550.0,0.3114,0.0
DB01_to_DK05#alt2,2,64,3700.0,4550.0,0.344,0.0
DB01_to_DK05#alt2,2,65,3750.0,4500.0,0.3679,0.0
DB01_to_DK05#alt2,2,66,3800.0,4500.0,0.3784,0.0
DB01_to_DK05#alt2,2,67,3850.0,4500.0,0.4076,0.0
DB01_to_DK05#alt2,2,68,3900.0,4500.0,0.4275,0.0
DB01_to_DK05#alt2,2,69,3950.0,4450.0,0.3679,0.0
DB01_to_DK05#alt2,2,70,4000.0,4450.0,0.3679,0.0
DB01_to_DK05#alt2,2,71,4050.0,4450.0,0.3628,0.0
DB01_to_DK05#alt2,2,72,4050.0,4400.0,0.3077,0.0
DB01_to_DK05#alt2,2,73,4100.0,4350.0,0.3006,0.0
DB01_to_DK05#alt2,2,74,4100.0,4300.0,0.3269,0.0
DB01_to_DK05#alt2,2,75,4150.0,4250.0,0.2972,0.0
DB01_to_DK05#alt2,2,76,4150.0,4200.0,0.3077,0.0
DB01_to_DK05#alt2,2,77,4150.0,4150.0,0.3114,0.0
DB01_to_DK05#alt2,2,78,4200.0,4100.0,0.3077,0.0
DB01_to_DK05#alt2,2,79,4200.0,4050.0,0.344,0.0
DB01_to_DK05#alt2,2,80,4250.0,4000.0,0.3269,0.0
DB01_to_DK05#alt2,2,81,4250.0,3950.0,0.3485,0.0
DB01_to_DK05#alt2,2,82,4250.0,3900.0,0.3628,0.0
DB01_to_DK05#alt2,2,83,4300.0,3850.0,0.3114,0.0
DB01_to_DK05#alt2,2,84,4300.0,3800.0,0.3114,0.0
DB01_to_DK05#alt2,2,85,4350.0,3750.0,0.2636,0.0
DB01_to_DK05#alt2,2,86,4350.0,3700.0,0.2721,0.0
DB01_to_DK05#alt2,2,87,4400.0,3650.0,0.2609,0.0
DB01_to_DK05#alt2,2,88,4400.0,3600.0,0.281,0.0
DB01_to_DK05#alt2,2,89,4400.0,3550.0,0.2972,0.0
DB01_to_DK05#alt2,2,90,4450.0,3500.0,0.2609,0.0
DB01_to_DK05#alt2,2,91,4450.0,3450.0,0.2636,0.0
DB01_to_DK05#alt2,2,92,4500.0,3400.0,0.2231,0.0
DB01_to_DK05#alt2,2,93,4500.0,3350.0,0.2211,0.0
DB01_to_DK05#alt2,2,94,4500.0,3300.0,0.2151,0.0
DB01_to_DK05#alt2,2,95,4550.0,3250.0,0.2151,0.0
DB01_to_DK05#alt2,2,96,4550.0,3200.0,0.2431,0.0
DB01_to_DK05#alt2,2,97,4600.0,3150.0,0.2384,0.0
DB01_to_DK05#alt2,2,98,4600.0,3100.0,0.2609,0.0
DB01_to_DK05#alt2,2,99,4600.0,3050.0,0.281,0.0
DB01_to_DK05#alt2,2,100,4650.0,3000.0,0.2609,0.0
DB01_to_DK05#alt2,2,101,4650.0,2950.0,0.281,0.0
DB01_to_DK05#alt2,2,102,4700.0,2900.0,0.253,0.0
DB01_to_DK05#alt2,2,103,4700.0,2850.0,0.2609,0.0
DB01_to_DK05#alt2,2,104,4700.0,2800.0,0.2636,0.0
DB01_to_DK05#alt2,2,105,4750.0,2750.0,0.2211,0.0
DB01_to_DK05#alt2,2,106,4750.0,2700.0,0.2151,0.0
DB01_to_DK05#alt2,2,107,4800.0,2650.0,0.1755,0.0
DB01_to_DK05#alt2,2,108,4800.0,2600.0,0.1661,0.0
DB01_to_DK05#alt2,2,109,4850.0,2550.0,0.1335,0.0
DB01_to_DK05#alt2,2,110,4850.0,2500.0,0.1239,0.0
DB01_to_DK05#alt2,2,111,4850.0,2450.0,0.1146,0.0
DB01_to_DK05#alt2,2,112,4900.0,2400.0,0.092,0.0
DB01_to_DK05#alt2,2,113,4900.0,2350.0,0.0947,0.0
DB01_to_DK05#alt2,2,114,4950.0,2300.0,0.0947,0.0
DB01_to_DK05#alt2,2,115,4950.0,2250.0,0.1062,0.0
DB01_to_DK05#alt3,3,0,1000.0,3900.0,0.7165,0.0
DB01_to_DK05#alt3,3,1,1050.0,3950.0,0.6889,0.0
DB01_to_DK05#alt3,3,2,1100.0,3950.0,0.7165,0.0
DB01_to_DK05#alt3,3,3,1150.0,4000.0,0.6241,0.0
DB01_to_DK05#alt3,3,4,1200.0,4000.0,0.6889,0.0
DB01_to_DK05#alt3,3,5,1250.0,4050.0,0.6889,0.0
DB01_to_DK05#alt3,3,6,1300.0,4000.0,0.6889,0.0
DB01_to_DK05#alt3,3,7,1350.0,4000.0,0.6241,0.0
DB01_to_DK05#alt3,3,8,1400.0,3950.0,0.7165,0.0
DB01_to_DK05#alt3,3,9,1450.0,3950.0,0.6889,0.0
DB01_to_DK05#alt3,3,10,1500.0,3900.0,0.7165,0.0
DB01_to_DK05#alt3,3,11,1550.0,3900.0,0.6889,0.0
DB01_to_DK05#alt3,3,12,1600.0,3850.0,0.6889,0.0
DB01_to_DK05#alt3,3,13,1650.0,3800.0,0.6889,0.0
DB01_to_DK05#alt3,3,14,1700.0,3850.0,0.6065,0.0
DB01_to_DK05#alt3,3,15,1750.0,3850.0,0.6065,0.0
DB01_to_DK05#alt3,3,16,1800.0,3900.0,0.6889,0.0
DB01_to_DK05#alt3,3,17,1850.0,3900.0,0.6241,0.0
DB01_to_DK05#alt3,3,18,1900.0,3950.0,0.6889,0.0
DB01_to_DK05#alt3,3,19,1950.0,4000.0,0.6889,0.0
DB01_to_DK05#alt3,3,20,2000.0,4000.0,0.6241,0.0
DB01_to_DK05#alt3,3,21,2050.0,4050.0,0.5903,0.0
DB01_to_DK05#alt3,3,22,2100.0,4100.0,0.5134,0.0
DB01_to_DK05#alt3,3,23,2150.0,4100.0,0.4346,0.0
DB01_to_DK05#alt3,3,24,2200.0,4150.0,0.3679,0.0
DB01_to_DK05#alt3,3,25,2250.0,4150.0,0.3269,0.0
DB01_to_DK05#alt3,3,26,2300.0,4200.0,0.3006,0.0
DB01_to_DK05#alt3,3,27,2350.0,4250.0,0.3077,0.0
DB01_to_DK05#alt3,3,28,2400.0,4250.0,0.3114,0.0
DB01_to_DK05#alt3,3,29,2450.0,4300.0,0.3628,0.0
DB01_to_DK05#alt3,3,30,2500.0,4300.0,0.4275,0.0
DB01_to_DK05#alt3,3,31,2550.0,4350.0,0.4746,0.0
DB01_to_DK05#alt3,3,32,2600.0,4400.0,0.503,0.0
DB01_to_DK05#alt3,3,33,2650.0,4400.0,0.5903,0.0
DB01_to_DK05#alt3,3,34,2700.0,4450.0,0.6241,0.0
DB01_to_DK05#alt3,3,35,2750.0,4450.0,0.6889,0.0
DB01_to_DK05#alt3,3,36,2800.0,4500.0,0.6889,0.0
DB01_to_DK05#alt3,3,37,2850.0,4550.0,0.6241,0.0
DB01_to_DK05#alt3,3,38,2900.0,4550.0,0.6889,0.0
DB01_to_DK05#alt3,3,39,2950.0,4600.0,0.6065,0.0
DB01_to_DK05#alt3,3,40,3000.0,4600.0,0.6065,0.0
DB01_to_DK05#alt3,3,41,3050.0,4650.0,0.5134,0.0
DB01_to_DK05#alt3,3,42,3100.0,4700.0,0.4275,0.0
DB01_to_DK05#alt3,3,43,3150.0,4700.0,0.4076,0.0
DB01_to_DK05#alt3,3,44,3200.0,4750.0,0.3269,0.0
DB01_to_DK05#alt3,3,45,3250.0,4750.0,0.3006,0.0
DB01_to_DK05#alt3,3,46,3300.0,4800.0,0.2407,0.0
DB01_to_DK05#alt3,3,47,3350.0,4850.0,0.1937,0.0
DB01_to_DK05#alt3,3,48,3400.0,4850.0,0.1798,0.0
DB01_to_DK05#alt3,3,49,3450.0,4900.0,0.1827,0.0
DB01_to_DK05#alt3,3,50,3500.0,4900.0,0.2151,0.0
DB01_to_DK05#alt3,3,51,3550.0,4950.0,0.2407,0.0
DB01_to_DK05#alt3,3,52,3600.0,4900.0,0.2972,0.0
DB01_to_DK05#alt3,3,53,3650.0,4850.0,0.3628,0.0
DB01_to_DK05#alt3,3,54,3700.0,4850.0,0.4275,0.0
DB01_to_DK05#alt3,3,55,3750.0,4800.0,0.5134,0.0
DB01_to_DK05#alt3,3,56,3800.0,4750.0,0.6065,0.0
DB01_to_DK05#alt3,3,57,3850.0,4700.0,0.6889,0.0
DB01_to_DK05#alt3,3,58,3900.0,4650.0,0.6889,0.0
DB01_to_DK05#alt3,3,59,3950.0,4650.0,0.7165,0.0
DB01_to_DK05#alt3,3,60,4000.0,4600.0,0.6065,0.0
DB01_to_DK05#alt3,3,61,4050.0,4550.0,0.503,0.0
DB01_to_DK05#alt3,3,62,4050.0,4500.0,0.4275,0.0
DB01_to_DK05#alt3,3,63,4100.0,4450.0,0.3485,0.0
DB01_to_DK05#alt3,3,64,4100.0,4400.0,0.2972,0.0
DB01_to_DK05#alt3,3,65,4150.0,4350.0,0.2609,0.0
DB01_to_DK05#alt3,3,66,4150.0,4300.0,0.281,0.0
DB01_to_DK05#alt3,3,67,4150.0,4250.0,0.2972,0.0
DB01_to_DK05#alt3,3,68,4200.0,4200.0,0.2609,0.0
DB01_to_DK05#alt3,3,69,4200.0,4150.0,0.2721,0.0
DB01_to_DK05#alt3,3,70,4250.0,4100.0,0.2721,0.0
DB01_to_DK05#alt3,3,71,4250.0,4050.0,0.3006,0.0
DB01_to_DK05#alt3,3,72,4250.0,4000.0,0.3269,0.0
DB01_to_DK05#alt3,3,73,4300.0,3950.0,0.2972,0.0
DB01_to_DK05#alt3,3,74,4300.0,3900.0,0.3077,0.0
DB01_to_DK05#alt3,3,75,4300.0,3850.0,0.3114,0.0
DB01_to_DK05#alt3,3,76,4350.0,3800.0,0.2636,0.0
DB01_to_DK05#alt3,3,77,4350.0,3750.0,0.2636,0.0
DB01_to_DK05#alt3,3,78,4400.0,3700.0,0.2384,0.0
DB01_to_DK05#alt3,3,79,4400.0,3650.0,0.2609,0.0
DB01_to_DK05#alt3,3,80,4400.0,3600.0,0.281,0.0
DB01_to_DK05#alt3,3,81,4450.0,3550.0,0.253,0.0
DB01_to_DK05#alt3,3,82,4450.0,3500.0,0.2609,0.0
DB01_to_DK05#alt3,3,83,4500.0,3450.0,0.2231,0.0
DB01_to_DK05#alt3,3,84,4500.0,3400.0,0.2231,0.0
DB01_to_DK05#alt3,3,85,4500.0,3350.0,0.2211,0.0
DB01_to_DK05#alt3,3,86,4550.0,3300.0,0.1921,0.0
DB01_to_DK05#alt3,3,87,4550.0,3250.0,0.2151,0.0
DB01_to_DK05#alt3,3,88,4600.0,3200.0,0.2151,0.0
DB01_to_DK05#alt3,3,89,4600.0,3150.0,0.2384,0.0
DB01_to_DK05#alt3,3,90,4600.0,3100.0,0.2609,0.0
DB01_to_DK05#alt3,3,91,4650.0,3050.0,0.2407,0.0
DB01_to_DK05#alt3,3,92,4650.0,3000.0,0.2609,0.0
DB01_to_DK05#alt3,3,93,4700.0,2950.0,0.2407,0.0
DB01_to_DK05#alt3,3,94,4700.0,2900.0,0.253,0.0
DB01_to_DK05#alt3,3,95,4700.0,2850.0,0.2609,0.0
DB01_to_DK05#alt3,3,96,4750.0,2800.0,0.2231,0.0
DB01_to_DK05#alt3,3,97,4750.0,2750.0,0.2211,0.0
DB01_to_DK05#alt3,3,98,4750.0,2700.0,0.2151,0.0
DB01_to_DK05#alt3,3,99,4800.0,2650.0,0.1755,0.0
DB01_to_DK05#alt3,3,100,4800.0,2600.0,0.1661,0.0
DB01_to_DK05#alt3,3,101,4850.0,2550.0,0.1335,0.0
DB01_to_DK05#alt3,3,102,4850.0,2500.0,0.1239,0.0
DB01_to_DK05#alt3,3,103,4850.0,2450.0,0.1146,0.0
DB01_to_DK05#alt3,3,104,4900.0,2400.0,0.092,0.0
DB01_to_DK05#alt3,3,105,4900.0,2350.0,0.0947,0.0
DB01_to_DK05#alt3,3,106,4950.0,2300.0,0.0947,0.0
DB01_to_DK05#alt3,3,107,4950.0,2250.0,0.1062,0.0
DB01_to_DK05#alt4,4,0,1000.0,3900.0,0.7165,0.0
DB01_to_DK05#alt4,4,1,950.0,3900.0,0.6889,0.0
DB01_to_DK05#alt4,4,2,900.0,3850.0,0.6889,0.0
DB01_to_DK05#alt4,4,3,850.0,3850.0,0.6241,0.0
DB01_to_DK05#alt4,4,4,800.0,3800.0,0.5903,0.0
DB01_to_DK05#alt4,4,5,750.0,3800.0,0.503,0.0
DB01_to_DK05#alt4,4,6,700.0,3750.0,0.4746,0.0
DB01_to_DK05#alt4,4,7,650.0,3750.0,0.4076,0.0
DB01_to_DK05#alt4,4,8,600.0,3700.0,0.3628,0.0
DB01_to_DK05#alt4,4,9,550.0,3700.0,0.3077,0.0
DB01_to_DK05#alt4,4,10,500.0,3650.0,0.281,0.0
DB01_to_DK05#alt4,4,11,450.0,3650.0,0.2407,0.0
DB01_to_DK05#alt4,4,12,400.0,3600.0,0.2151,0.0
DB01_to_DK05#alt4,4,13,350.0,3600.0,0.1827,0.0
DB01_to_DK05#alt4,4,14,300.0,3550.0,0.1587,0.0
DB01_to_DK05#alt4,4,15,250.0,3550.0,0.1344,0.0
DB01_to_DK05#alt4,4,16,200.0,3500.0,0.1146,0.0
DB01_to_DK05#alt4,4,17,150.0,3500.0,0.097,0.0
DB01_to_DK05#alt4,4,18,100.0,3450.0,0.0816,0.0
DB01_to_DK05#alt4,4,19,50.0,3450.0,0.0691,0.0
DB01_to_DK05#alt4,4,20,50.0,3400.0,0.0681,0.0
DB01_to_DK05#alt4,4,21,100.0,3350.0,0.0781,0.0
DB01_to_DK05#alt4,4,22,100.0,3300.0,0.0752,0.0
DB01_to_DK05#alt4,4,23,150.0,3250.0,0.0839,0.0
DB01_to_DK05#alt4,4,24,150.0,3200.0,0.079,0.0
DB01_to_DK05#alt4,4,25,150.0,3150.0,0.0752,0.0
DB01_to_DK05#alt4,4,26,200.0,3100.0,0.0839,0.0
DB01_to_DK05#alt4,4,27,200.0,3050.0,0.079,0.0
DB01_to_DK05#alt4,4,28,250.0,3000.0,0.0854,0.0
DB01_to_DK05#alt4,4,29,250.0,2950.0,0.079,0.0
DB01_to_DK05#alt4,4,30,250.0,2900.0,0.0736,0.0
DB01_to_DK05#alt4,4,31,300.0,2850.0,0.0785,0.0
DB01_to_DK05#alt4,4,32,300.0,2800.0,0.0717,0.0
DB01_to_DK05#alt4,4,33,350.0,2750.0,0.074,0.0
DB01_to_DK05#alt4,4,34,350.0,2700.0,0.0663,0.0
DB01_to_DK05#alt4,4,35,350.0,2650.0,0.0591,0.0
DB01_to_DK05#alt4,4,36,400.0,2600.0,0.0591,0.0
DB01_to_DK05#alt4,4,37,400.0,2550.0,0.0524,0.0
DB01_to_DK05#alt4,4,38,450.0,2500.0,0.0514,0.0
DB01_to_DK05#alt4,4,39,450.0,2450.0,0.0514,0.0
DB01_to_DK05#alt4,4,40,450.0,2400.0,0.0585,0.0
DB01_to_DK05#alt4,4,41,500.0,2350.0,0.074,0.0
DB01_to_DK05#alt4,4,42,500.0,2300.0,0.0839,0.0
DB01_to_DK05#alt4,4,43,550.0,2250.0,0.1062,0.0
DB01_to_DK05#alt4,4,44,550.0,2200.0,0.1199,0.0
DB01_to_DK05#alt4,4,45,550.0,2150.0,0.1344,0.0
DB01_to_DK05#alt4,4,46,600.0,2100.0,0.17,0.0
DB01_to_DK05#alt4,4,47,600.0,2050.0,0.1921,0.0
DB01_to_DK05#alt4,4,48,650.0,2000.0,0.2431,0.0
DB01_to_DK05#alt4,4,49,650.0,1950.0,0.2721,0.0
DB01_to_DK05#alt4,4,50,650.0,1900.0,0.3077,0.0
DB01_to_DK05#alt4,4,51,700.0,1850.0,0.3895,0.0
DB01_to_DK05#alt4,4,52,700.0,1800.0,0.4346,0.0
DB01_to_DK05#alt4,4,53,750.0,1750.0,0.5483,0.0
DB01_to_DK05#alt4,4,54,750.0,1700.0,0.5903,0.0
DB01_to_DK05#alt4,4,55,800.0,1650.0,0.7165,0.0
DB01_to_DK05#alt4,4,56,800.0,1600.0,0.6889,0.0
DB01_to_DK05#alt4,4,57,800.0,1550.0,0.6241,0.0
DB01_to_DK05#alt4,4,58,850.0,1500.0,0.6889,0.0
DB01_to_DK05#alt4,4,59,850.0,1450.0,0.6241,0.0
DB01_to_DK05#alt4,4,60,900.0,1400.0,0.5903,0.0
DB01_to_DK05#alt4,4,61,900.0,1350.0,0.503,0.0
DB01_to_DK05#alt4,4,62,900.0,1300.0,0.4275,0.0
DB01_to_DK05#alt4,4,63,950.0,1250.0,0.3679,0.0
DB01_to_DK05#alt4,4,64,950.0,1200.0,0.3114,0.0
DB01_to_DK05#alt4,4,65,1000.0,1150.0,0.2636,0.0
DB01_to_DK05#alt4,4,66,1000.0,1100.0,0.2231,0.0
DB01_to_DK05#alt4,4,67,1000.0,1050.0,0.2384,0.0
DB01_to_DK05#alt4,4,68,1050.0,1000.0,0.2431,0.0
DB01_to_DK05#alt4,4,69,1050.0,950.0,0.2721,0.0
DB01_to_DK05#alt4,4,70,1100.0,900.0,0.2609,0.0
DB01_to_DK05#alt4,4,71,1100.0,850.0,0.281,0.0
DB01_to_DK05#alt4,4,72,1100.0,800.0,0.2972,0.0
DB01_to_DK05#alt4,4,73,1150.0,750.0,0.2609,0.0
DB01_to_DK05#alt4,4,74,1150.0,700.0,0.2636,0.0
DB01_to_DK05#alt4,4,75,1200.0,650.0,0.2231,0.0
DB01_to_DK05#alt4,4,76,1200.0,600.0,0.2211,0.0
DB01_to_DK05#alt4,4,77,1200.0,550.0,0.2151,0.0
DB01_to_DK05#alt4,4,78,1250.0,500.0,0.1755,0.0
DB01_to_DK05#alt4,4,79,1250.0,450.0,0.1661,0.0
DB01_to_DK05#alt4,4,80,1300.0,400.0,0.1335,0.0
DB01_to_DK05#alt4,4,81,1300.0,350.0,0.1239,0.0
DB01_to_DK05#alt4,4,82,1300.0,300.0,0.1138,0.0
DB01_to_DK05#alt4,4,83,1350.0,250.0,0.0904,0.0
DB01_to_DK05#alt4,4,84,1350.0,200.0,0.0821,0.0
DB01_to_DK05#alt4,4,85,1400.0,150.0,0.065,0.0
DB01_to_DK05#alt4,4,86,1400.0,100.0,0.0585,0.0
DB01_to_DK05#alt4,4,87,1450.0,100.0,0.0514,0.0
DB01_to_DK05#alt4,4,88,1500.0,150.0,0.0496,0.0
DB01_to_DK05#alt4,4,89,1550.0,150.0,0.0431,0.0
DB01_to_DK05#alt4,4,90,1600.0,150.0,0.0374,0.0
DB01_to_DK05#alt4,4,91,1650.0,200.0,0.0349,0.0
DB01_to_DK05#alt4,4,92,1700.0,200.0,0.0301,0.0
DB01_to_DK05#alt4,4,93,1750.0,200.0,0.0259,0.0
DB01_to_DK05#alt4,4,94,1800.0,250.0,0.0236,0.0
DB01_to_DK05#alt4,4,95,1850.0,250.0,0.0202,0.0
DB01_to_DK05#alt4,4,96,1900.0,300.0,0.0182,0.0
DB01_to_DK05#alt4,4,97,1950.0,300.0,0.0155,0.0
DB01_to_DK05#alt4,4,98,2000.0,300.0,0.0155,0.0
DB01_to_DK05#alt4,4,99,2050.0,350.0,0.0183,0.0
DB01_to_DK05#alt4,4,100,2100.0,350.0,0.0216,0.0
DB01_to_DK05#alt4,4,101,2150.0,350.0,0.0256,0.0
DB01_to_DK05#alt4,4,102,2200.0,400.0,0.0302,0.0
DB01_to_DK05#alt4,4,103,2250.0,400.0,0.0357,0.0
DB01_to_DK05#alt4,4,104,2300.0,400.0,0.0421,0.0
DB01_to_DK05#alt4,4,105,2350.0,450.0,0.0496,0.0
DB01_to_DK05#alt4,4,106,2400.0,450.0,0.0585,0.0
DB01_to_DK05#alt4,4,107,2450.0,450.0,0.0691,0.0
DB01_to_DK05#alt4,4,108,2500.0,500.0,0.0803,0.0
DB01_to_DK05#alt4,4,109,2550.0,500.0,0.0947,0.0
DB01_to_DK05#alt4,4,110,2600.0,500.0,0.1117,0.0
DB01_to_DK05#alt4,4,111,2650.0,550.0,0.1273,0.0
DB01_to_DK05#alt4,4,112,2700.0,550.0,0.1495,0.0
DB01_to_DK05#alt4,4,113,2750.0,600.0,0.1661,0.0
DB01_to_DK05#alt4,4,114,2800.0,600.0,0.1937,0.0
DB01_to_DK05#alt4,4,115,2850.0,600.0,0.2252,0.0
DB01_to_DK05#alt4,4,116,2900.0,650.0,0.2384,0.0
DB01_to_DK05#alt4,4,117,2950.0,650.0,0.2721,0.0
DB01_to_DK05#alt4,4,118,3000.0,650.0,0.3077,0.0
DB01_to_DK05#alt4,4,119,3050.0,700.0,0.3077,0.0
DB01_to_DK05#alt4,4,120,3100.0,700.0,0.344,0.0
DB01_to_DK05#alt4,4,121,3150.0,700.0,0.3895,0.0
DB01_to_DK05#alt4,4,122,3200.0,750.0,0.3895,0.0
DB01_to_DK05#alt4,4,123,3250.0,750.0,0.4346,0.0
DB01_to_DK05#alt4,4,124,3300.0,750.0,0.4931,0.0
DB01_to_DK05#alt4,4,125,3350.0,800.0,0.4931,0.0
DB01_to_DK05#alt4,4,126,3400.0,800.0,0.5483,0.0
DB01_to_DK05#alt4,4,127,3450.0,800.0,0.6241,0.0
DB01_to_DK05#alt4,4,128,3500.0,850.0,0.5903,0.0
DB01_to_DK05#alt4,4,129,3550.0,850.0,0.6241,0.0
DB01_to_DK05#alt4,4,130,3600.0,900.0,0.5903,0.0
DB01_to_DK05#alt4,4,131,3650.0,900.0,0.6065,0.0
DB01_to_DK05#alt4,4,132,3700.0,900.0,0.6065,0.0
DB01_to_DK05#alt4,4,133,3750.0,950.0,0.503,0.0
DB01_to_DK05#alt4,4,134,3800.0,950.0,0.4746,0.0
DB01_to_DK05#alt4,4,135,3850.0,950.0,0.4346,0.0
DB01_to_DK05#alt4,4,136,3900.0,1000.0,0.344,0.0
DB01_to_DK05#alt4,4,137,3950.0,1000.0,0.3077,0.0
DB01_to_DK05#alt4,4,138,4000.0,1050.0,0.2431,0.0
DB01_to_DK05#alt4,4,139,4050.0,1100.0,0.1921,0.0
DB01_to_DK05#alt4,4,140,4100.0,1150.0,0.1551,0.0
DB01_to_DK05#alt4,4,141,4100.0,1200.0,0.1661,0.0
DB01_to_DK05#alt4,4,142,4150.0,1250.0,0.2057,0.0
DB01_to_DK05#alt4,4,143,4200.0,1300.0,0.253,0.0
DB01_to_DK05#alt4,4,144,4250.0,1350.0,0.3077,0.0
DB01_to_DK05#alt4,4,145,4300.0,1400.0,0.3679,0.0
DB01_to_DK05#alt4,4,146,4350.0,1450.0,0.4346,0.0
DB01_to_DK05#alt4,4,147,4350.0,1500.0,0.5134,0.0
DB01_to_DK05#alt4,4,148,4400.0,1550.0,0.6065,0.0
DB01_to_DK05#alt4,4,149,4450.0,1600.0,0.6889,0.0
DB01_to_DK05#alt4,4,150,4500.0,1650.0,0.6889,0.0
DB01_to_DK05#alt4,4,151,4550.0,1700.0,0.6889,0.0
DB01_to_DK05#alt4,4,152,4600.0,1750.0,0.6065,0.0
DB01_to_DK05#alt4,4,153,4600.0,1800.0,0.6065,0.0
DB01_to_DK05#alt4,4,154,4650.0,1850.0,0.503,0.0
DB01_to_DK05#alt4,4,155,4700.0,1900.0,0.4076,0.0
DB01_to_DK05#alt4,4,156,4750.0,1950.0,0.3269,0.0
DB01_to_DK05#alt4,4,157,4800.0,2000.0,0.2609,0.0
DB01_to_DK05#alt4,4,158,4800.0,2050.0,0.2384,0.0
DB01_to_DK05#alt4,4,159,4850.0,2100.0,0.1889,0.0
DB01_to_DK05#alt4,4,160,4900.0,2150.0,0.1495,0.0
DB01_to_DK05#alt4,4,161,4900.0,2200.0,0.1344,0.0
DB01_to_DK05#alt4,4,162,4950.0,2250.0,0.1062,0.0
DB01_to_DK05#alt5,5,0,1000.0,3900.0,0.7165,0.0
DB01_to_DK05#alt5,5,1,950.0,3900.0,0.6889,0.0
DB01_to_DK05#alt5,5,2,900.0,3950.0,0.5483,0.0
DB01_to_DK05#alt5,5,3,850.0,3950.0,0.4931,0.0
DB01_to_DK05#alt5,5,4,800.0,4000.0,0.4076,0.0
DB01_to_DK05#alt5,5,5,750.0,4000.0,0.3784,0.0
DB01_to_DK05#alt5,5,6,700.0,4050.0,0.4275,0.0
DB01_to_DK05#alt5,5,7,650.0,4050.0,0.4346,0.0
DB01_to_DK05#alt5,5,8,600.0,4100.0,0.5134,0.0
DB01_to_DK05#alt5,5,9,550.0,4100.0,0.5134,0.0
DB01_to_DK05#alt5,5,10,500.0,4150.0,0.6065,0.0
DB01_to_DK05#alt5,5,11,450.0,4150.0,0.6065,0.0
DB01_to_DK05#alt5,5,12,400.0,4200.0,0.6889,0.0
DB01_to_DK05#alt5,5,13,350.0,4200.0,0.6241,0.0
DB01_to_DK05#alt5,5,14,300.0,4250.0,0.6241,0.0
DB01_to_DK05#alt5,5,15,250.0,4250.0,0.5483,0.0
DB01_to_DK05#alt5,5,16,200.0,4300.0,0.503,0.0
DB01_to_DK05#alt5,5,17,150.0,4300.0,0.4346,0.0
DB01_to_DK05#alt5,5,18,100.0,4350.0,0.4076,0.0
DB01_to_DK05#alt5,5,19,50.0,4350.0,0.3485,0.0
DB01_to_DK05#alt5,5,20,100.0,4400.0,0.4275,0.0
DB01_to_DK05#alt5,5,21,150.0,4450.0,0.5134,0.0
DB01_to_DK05#alt5,5,22,200.0,4500.0,0.6065,0.0
DB01_to_DK05#alt5,5,23,250.0,4550.0,0.6889,0.0
DB01_to_DK05#alt5,5,24,300.0,4600.0,0.6889,0.0
DB01_to_DK05#alt5,5,25,350.0,4650.0,0.6889,0.0
DB01_to_DK05#alt5,5,26,400.0,4700.0,0.6889,0.0
DB01_to_DK05#alt5,5,27,450.0,4750.0,0.6241,0.0
DB01_to_DK05#alt5,5,28,500.0,4800.0,0.5903,0.0
DB01_to_DK05#alt5,5,29,550.0,4850.0,0.5134,0.0
DB01_to_DK05#alt5,5,30,600.0,4850.0,0.503,0.0
DB01_to_DK05#alt5,5,31,650.0,4850.0,0.4746,0.0
DB01_to_DK05#alt5,5,32,700.0,4850.0,0.4346,0.0
DB01_to_DK05#alt5,5,33,750.0,4850.0,0.4076,0.0
DB01_to_DK05#alt5,5,34,800.0,4850.0,0.3784,0.0
DB01_to_DK05#alt5,5,35,850.0,4850.0,0.344,0.0
DB01_to_DK05#alt5,5,36,900.0,4850.0,0.3077,0.0
DB01_to_DK05#alt5,5,37,950.0,4850.0,0.2721,0.0
DB01_to_DK05#alt5,5,38,1000.0,4850.0,0.2431,0.0
DB01_to_DK05#alt5,5,39,1050.0,4900.0,0.1937,0.0
DB01_to_DK05#alt5,5,40,1100.0,4900.0,0.2057,0.0
DB01_to_DK05#alt5,5,41,1150.0,4900.0,0.2151,0.0
DB01_to_DK05#alt5,5,42,1200.0,4900.0,0.2211,0.0
DB01_to_DK05#alt5,5,43,1250.0,4900.0,0.2231,0.0
DB01_to_DK05#alt5,5,44,1300.0,4900.0,0.2231,0.0
DB01_to_DK05#alt5,5,45,1350.0,4900.0,0.2231,0.0
DB01_to_DK05#alt5,5,46,1400.0,4900.0,0.2231,0.0
DB01_to_DK05#alt5,5,47,1450.0,4900.0,0.2252,0.0
DB01_to_DK05#alt5,5,48,1500.0,4900.0,0.2609,0.0
DB01_to_DK05#alt5,5,49,1550.0,4900.0,0.3006,0.0
DB01_to_DK05#alt5,5,50,1600.0,4900.0,0.344,0.0
DB01_to_DK05#alt5,5,51,1650.0,4900.0,0.3895,0.0
DB01_to_DK05#alt5,5,52,1700.0,4900.0,0.4346,0.0
DB01_to_DK05#alt5,5,53,1750.0,4900.0,0.4931,0.0
DB01_to_DK05#alt5,5,54,1800.0,4900.0,0.5483,0.0
DB01_to_DK05#alt5,5,55,1850.0,4900.0,0.6241,0.0
DB01_to_DK05#alt5,5,56,1900.0,4900.0,0.6889,0.0
DB01_to_DK05#alt5,5,57,1950.0,4950.0,0.6889,0.0
DB01_to_DK05#alt5,5,58,2000.0,4950.0,0.7165,0.0
DB01_to_DK05#alt5,5,59,2050.0,4950.0,0.7165,0.0
DB01_to_DK05#alt5,5,60,2100.0,4950.0,0.6889,0.0
DB01_to_DK05#alt5,5,61,2150.0,4950.0,0.6241,0.0
DB01_to_DK05#alt5,5,62,2200.0,4950.0,0.5903,0.0
DB01_to_DK05#alt5,5,63,2250.0,4950.0,0.5483,0.0
DB01_to_DK05#alt5,5,64,2300.0,4950.0,0.4931,0.0
DB01_to_DK05#alt5,5,65,2350.0,4950.0,0.4346,0.0
DB01_to_DK05#alt5,5,66,2400.0,4950.0,0.3895,0.0
DB01_to_DK05#alt5,5,67,2450.0,4950.0,0.344,0.0
DB01_to_DK05#alt5,5,68,2500.0,4950.0,0.3006,0.0
DB01_to_DK05#alt5,5,69,2550.0,4950.0,0.2609,0.0
DB01_to_DK05#alt5,5,70,2600.0,4950.0,0.2252,0.0
DB01_to_DK05#alt5,5,71,2650.0,4950.0,0.1937,0.0
DB01_to_DK05#alt5,5,72,2700.0,4950.0,0.1661,0.0
DB01_to_DK05#alt5,5,73,2750.0,4950.0,0.1661,0.0
DB01_to_DK05#alt5,5,74,2800.0,4950.0,0.1755,0.0
DB01_to_DK05#alt5,5,75,2850.0,4950.0,0.1827,0.0
DB01_to_DK05#alt5,5,76,2900.0,4950.0,0.1873,0.0
DB01_to_DK05#alt5,5,77,2950.0,4950.0,0.1889,0.0
DB01_to_DK05#alt5,5,78,3000.0,4950.0,0.1889,0.0
DB01_to_DK05#alt5,5,79,3050.0,4950.0,0.1889,0.0
DB01_to_DK05#alt5,5,80,3100.0,4950.0,0.1873,0.0
DB01_to_DK05#alt5,5,81,3150.0,4950.0,0.1827,0.0
DB01_to_DK05#alt5,5,82,3200.0,4950.0,0.1755,0.0
DB01_to_DK05#alt5,5,83,3250.0,4950.0,0.1661,0.0
DB01_to_DK05#alt5,5,84,3300.0,4900.0,0.1798,0.0
DB01_to_DK05#alt5,5,85,3350.0,4900.0,0.1661,0.0
DB01_to_DK05#alt5,5,86,3400.0,4900.0,0.1551,0.0
DB01_to_DK05#alt5,5,87,3450.0,4900.0,0.1827,0.0
DB01_to_DK05#alt5,5,88,3500.0,4900.0,0.2151,0.0
DB01_to_DK05#alt5,5,89,3550.0,4900.0,0.253,0.0
DB01_to_DK05#alt5,5,90,3600.0,4900.0,0.2972,0.0
DB01_to_DK05#alt5,5,91,3650.0,4900.0,0.3485,0.0
DB01_to_DK05#alt5,5,92,3700.0,4900.0,0.4076,0.0
DB01_to_DK05#alt5,5,93,3750.0,4900.0,0.4746,0.0
DB01_to_DK05#alt5,5,94,3800.0,4900.0,0.5483,0.0
DB01_to_DK05#alt5,5,95,3850.0,4900.0,0.6241,0.0
DB01_to_DK05#alt5,5,96,3900.0,4900.0,0.6889,0.0
DB01_to_DK05#alt5,5,97,3950.0,4900.0,0.7165,0.0
DB01_to_DK05#alt5,5,98,4000.0,4900.0,0.7165,0.0
DB01_to_DK05#alt5,5,99,4050.0,4900.0,0.6889,0.0
DB01_to_DK05#alt5,5,100,4100.0,4900.0,0.6241,0.0
DB01_to_DK05#alt5,5,101,4150.0,4900.0,0.5483,0.0
DB01_to_DK05#alt5,5,102,4150.0,4850.0,0.5903,0.0
DB01_to_DK05#alt5,5,103,4200.0,4800.0,0.5134,0.0
DB01_to_DK05#alt5,5,104,4200.0,4750.0,0.5134,0.0
DB01_to_DK05#alt5,5,105,4200.0,4700.0,0.503,0.0
DB01_to_DK05#alt5,5,106,4250.0,4650.0,0.4076,0.0
DB01_to_DK05#alt5,5,107,4250.0,4600.0,0.3784,0.0
DB01_to_DK05#alt5,5,108,4250.0,4550.0,0.344,0.0
DB01_to_DK05#alt5,5,109,4250.0,4500.0,0.3077,0.0
DB01_to_DK05#alt5,5,110,4300.0,4450.0,0.2431,0.0
DB01_to_DK05#alt5,5,111,4300.0,4400.0,0.2151,0.0
DB01_to_DK05#alt5,5,112,4300.0,4350.0,0.1889,0.0
DB01_to_DK05#alt5,5,113,4350.0,4300.0,0.1495,0.0
DB01_to_DK05#alt5,5,114,4350.0,4250.0,0.1551,0.0
DB01_to_DK05#alt5,5,115,4350.0,4200.0,0.17,0.0
DB01_to_DK05#alt5,5,116,4400.0,4150.0,0.1648,0.0
DB01_to_DK05#alt5,5,117,4400.0,4100.0,0.1798,0.0
DB01_to_DK05#alt5,5,118,4400.0,4050.0,0.1937,0.0
DB01_to_DK05#alt5,5,119,4400.0,4000.0,0.2057,0.0
DB01_to_DK05#alt5,5,120,4450.0,3950.0,0.1827,0.0
DB01_to_DK05#alt5,5,121,4450.0,3900.0,0.1873,0.0
DB01_to_DK05#alt5,5,122,4450.0,3850.0,0.1889,0.0
DB01_to_DK05#alt5,5,123,4500.0,3800.0,0.1599,0.0
DB01_to_DK05#alt5,5,124,4500.0,3750.0,0.1648,0.0
DB01_to_DK05#alt5,5,125,4500.0,3700.0,0.1798,0.0
DB01_to_DK05#alt5,5,126,4550.0,3650.0,0.1661,0.0
DB01_to_DK05#alt5,5,127,4550.0,3600.0,0.1755,0.0
DB01_to_DK05#alt5,5,128,4550.0,3550.0,0.1827,0.0
DB01_to_DK05#alt5,5,129,4550.0,3500.0,0.1873,0.0
DB01_to_DK05#alt5,5,130,4600.0,3450.0,0.1599,0.0
DB01_to_DK05#alt5,5,131,4600.0,3400.0,0.1599,0.0
DB01_to_DK05#alt5,5,132,4600.0,3350.0,0.1587,0.0
DB01_to_DK05#alt5,5,133,4650.0,3300.0,0.1517,0.0
DB01_to_DK05#alt5,5,134,4650.0,3250.0,0.17,0.0
DB01_to_DK05#alt5,5,135,4650.0,3200.0,0.1889,0.0
DB01_to_DK05#alt5,5,136,4700.0,3150.0,0.1798,0.0
DB01_to_DK05#alt5,5,137,4700.0,3100.0,0.1937,0.0
DB01_to_DK05#alt5,5,138,4700.0,3050.0,0.2076,0.0
DB01_to_DK05#alt5,5,139,4700.0,3000.0,0.2252,0.0
DB01_to_DK05#alt5,5,140,4750.0,2950.0,0.2057,0.0
DB01_to_DK05#alt5,5,141,4750.0,2900.0,0.2151,0.0
DB01_to_DK05#alt5,5,142,4750.0,2850.0,0.2211,0.0
DB01_to_DK05#alt5,5,143,4800.0,2800.0,0.1889,0.0
DB01_to_DK05#alt5,5,144,4800.0,2750.0,0.1873,0.0
DB01_to_DK05#alt5,5,145,4800.0,2700.0,0.1827,0.0
DB01_to_DK05#alt5,5,146,4850.0,2650.0,0.1495,0.0
DB01_to_DK05#alt5,5,147,4850.0,2600.0,0.1422,0.0
DB01_to_DK05#alt5,5,148,4850.0,2550.0,0.1335,0.0
DB01_to_DK05#alt5,5,149,4850.0,2500.0,0.1239,0.0
DB01_to_DK05#alt5,5,150,4900.0,2450.0,0.0987,0.0
DB01_to_DK05#alt5,5,151,4900.0,2400.0,0.092,0.0
DB01_to_DK05#alt5,5,152,4900.0,2350.0,0.0947,0.0
DB01_to_DK05#alt5,5,153,4950.0,2300.0,0.0947,0.0
DB01_to_DK05#alt5,5,154,4950.0,2250.0,0.1062,0.0
DB01_to_DK05#alt6,6,0,1000.0,3900.0,0.7165,0.0
DB01_to_DK05#alt6,6,1,950.0,3900.0,0.6889,0.0
DB01_to_DK05#alt6,6,2,900.0,3850.0,0.6889,0.0
DB01_to_DK05#alt6,6,3,850.0,3850.0,0.6241,0.0
DB01_to_DK05#alt6,6,4,800.0,3800.0,0.5903,0.0
DB01_to_DK05#alt6,6,5,750.0,3800.0,0.503,0.0
DB01_to_DK05#alt6,6,6,700.0,3750.0,0.4746,0.0
DB01_to_DK05#alt6,6,7,650.0,3750.0,0.4076,0.0
DB01_to_DK05#alt6,6,8,600.0,3700.0,0.3628,0.0
DB01_to_DK05#alt6,6,9,550.0,3700.0,0.3077,0.0
DB01_to_DK05#alt6,6,10,500.0,3700.0,0.2609,0.0
DB01_to_DK05#alt6,6,11,450.0,3650.0,0.2407,0.0
DB01_to_DK05#alt6,6,12,400.0,3650.0,0.2057,0.0
DB01_to_DK05#alt6,6,13,350.0,3600.0,0.1827,0.0
DB01_to_DK05#alt6,6,14,300.0,3600.0,0.1551,0.0
DB01_to_DK05#alt6,6,15,250.0,3550.0,0.1344,0.0
DB01_to_DK05#alt6,6,16,200.0,3550.0,0.1138,0.0
DB01_to_DK05#alt6,6,17,150.0,3500.0,0.097,0.0
DB01_to_DK05#alt6,6,18,100.0,3500.0,0.0821,0.0
DB01_to_DK05#alt6,6,19,150.0,3450.0,0.0964,0.0
DB01_to_DK05#alt6,6,20,200.0,3400.0,0.1117,0.0
DB01_to_DK05#alt6,6,21,250.0,3350.0,0.1273,0.0
DB01_to_DK05#alt6,6,22,300.0,3300.0,0.1422,0.0
DB01_to_DK05#alt6,6,23,350.0,3250.0,0.1551,0.0
DB01_to_DK05#alt6,6,24,400.0,3200.0,0.1755,0.0
DB01_to_DK05#alt6,6,25,450.0,3150.0,0.1937,0.0
DB01_to_DK05#alt6,6,26,500.0,3100.0,0.2076,0.0
DB01_to_DK05#alt6,6,27,550.0,3050.0,0.2252,0.0
DB01_to_DK05#alt6,6,28,600.0,3000.0,0.2384,0.0
DB01_to_DK05#alt6,6,29,650.0,2950.0,0.2431,0.0
DB01_to_DK05#alt6,6,30,700.0,2900.0,0.2431,0.0
DB01_to_DK05#alt6,6,31,750.0,2850.0,0.2384,0.0
DB01_to_DK05#alt6,6,32,800.0,2850.0,0.2609,0.0
DB01_to_DK05#alt6,6,33,850.0,2800.0,0.2407,0.0
DB01_to_DK05#alt6,6,34,900.0,2750.0,0.2252,0.0
DB01_to_DK05#alt6,6,35,950.0,2700.0,0.2057,0.0
DB01_to_DK05#alt6,6,36,1000.0,2650.0,0.253,0.0
DB01_to_DK05#alt6,6,37,1050.0,2600.0,0.3077,0.0
DB01_to_DK05#alt6,6,38,1100.0,2550.0,0.3679,0.0
DB01_to_DK05#alt6,6,39,1150.0,2500.0,0.4346,0.0
DB01_to_DK05#alt6,6,40,1200.0,2450.0,0.5134,0.0
DB01_to_DK05#alt6,6,41,1250.0,2400.0,0.6065,0.0
DB01_to_DK05#alt6,6,42,1300.0,2350.0,0.6889,0.0
DB01_to_DK05#alt6,6,43,1350.0,2300.0,0.6889,0.0
DB01_to_DK05#alt6,6,44,1400.0,2250.0,0.6889,0.0
DB01_to_DK05#alt6,6,45,1450.0,2200.0,0.6889,0.0
DB01_to_DK05#alt6,6,46,1500.0,2150.0,0.6065,0.0
DB01_to_DK05#alt6,6,47,1550.0,2100.0,0.5134,0.0
DB01_to_DK05#alt6,6,48,1600.0,2050.0,0.4931,0.0
DB01_to_DK05#alt6,6,49,1650.0,2050.0,0.4346,0.0
DB01_to_DK05#alt6,6,50,1700.0,2000.0,0.4076,0.0
DB01_to_DK05#alt6,6,51,1750.0,1950.0,0.4346,0.0
DB01_to_DK05#alt6,6,52,1800.0,1900.0,0.503,0.0
DB01_to_DK05#alt6,6,53,1850.0,1850.0,0.5483,0.0
DB01_to_DK05#alt6,6,54,1900.0,1800.0,0.5903,0.0
DB01_to_DK05#alt6,6,55,1950.0,1750.0,0.6241,0.0
DB01_to_DK05#alt6,6,56,2000.0,1700.0,0.6241,0.0
DB01_to_DK05#alt6,6,57,2050.0,1700.0,0.6889,0.0
DB01_to_DK05#alt6,6,58,2100.0,1650.0,0.6889,0.0
DB01_to_DK05#alt6,6,59,2150.0,1600.0,0.6241,0.0
DB01_to_DK05#alt6,6,60,2200.0,1550.0,0.5903,0.0
DB01_to_DK05#alt6,6,61,2250.0,1550.0,0.6065,0.0
DB01_to_DK05#alt6,6,62,2300.0,1550.0,0.6065,0.0
DB01_to_DK05#alt6,6,63,2350.0,1550.0,0.6065,0.0
DB01_to_DK05#alt6,6,64,2400.0,1550.0,0.6065,0.0
DB01_to_DK05#alt6,6,65,2450.0,1550.0,0.6065,0.0
DB01_to_DK05#alt6,6,66,2500.0,1550.0,0.6065,0.0
DB01_to_DK05#alt6,6,67,2550.0,1550.0,0.6065,0.0
DB01_to_DK05#alt6,6,68,2600.0,1550.0,0.5903,0.0
DB01_to_DK05#alt6,6,69,2650.0,1550.0,0.5483,0.0
DB01_to_DK05#alt6,6,70,2700.0,1550.0,0.6241,0.0
DB01_to_DK05#alt6,6,71,2750.0,1550.0,0.6889,0.0
DB01_to_DK05#alt6,6,72,2800.0,1550.0,0.7165,0.0
DB01_to_DK05#alt6,6,73,2850.0,1550.0,0.7165,0.0
DB01_to_DK05#alt6,6,74,2900.0,1550.0,0.7165,0.0
DB01_to_DK05#alt6,6,75,2950.0,1550.0,0.7165,0.0
DB01_to_DK05#alt6,6,76,3000.0,1550.0,0.6889,0.0
DB01_to_DK05#alt6,6,77,3050.0,1550.0,0.6241,0.0
DB01_to_DK05#alt6,6,78,3100.0,1550.0,0.5483,0.0
DB01_to_DK05#alt6,6,79,3150.0,1550.0,0.4746,0.0
DB01_to_DK05#alt6,6,80,3200.0,1600.0,0.3784,0.0
DB01_to_DK05#alt6,6,81,3250.0,1600.0,0.3269,0.0
DB01_to_DK05#alt6,6,82,3300.0,1650.0,0.2609,0.0
DB01_to_DK05#alt6,6,83,3350.0,1650.0,0.2252,0.0
DB01_to_DK05#alt6,6,84,3400.0,1650.0,0.1937,0.0
DB01_to_DK05#alt6,6,85,3450.0,1700.0,0.1551,0.0
DB01_to_DK05#alt6,6,86,3500.0,1700.0,0.1335,0.0
DB01_to_DK05#alt6,6,87,3550.0,1700.0,0.1146,0.0
DB01_to_DK05#alt6,6,88,3600.0,1750.0,0.1146,0.0
DB01_to_DK05#alt6,6,89,3650.0,1750.0,0.1353,0.0
DB01_to_DK05#alt6,6,90,3700.0,1800.0,0.1599,0.0
DB01_to_DK05#alt6,6,91,3750.0,1800.0,0.1889,0.0
DB01_to_DK05#alt6,6,92,3800.0,1800.0,0.2231,0.0
DB01_to_DK05#alt6,6,93,3850.0,1850.0,0.2609,0.0
DB01_to_DK05#alt6,6,94,3900.0,1850.0,0.3077,0.0
DB01_to_DK05#alt6,6,95,3950.0,1850.0,0.3628,0.0
DB01_to_DK05#alt6,6,96,4000.0,1900.0,0.4076,0.0
DB01_to_DK05#alt6,6,97,4050.0,1900.0,0.4746,0.0
DB01_to_DK05#alt6,6,98,4100.0,1950.0,0.4931,0.0
DB01_to_DK05#alt6,6,99,4150.0,1950.0,0.5483,0.0
DB01_to_DK05#alt6,6,100,4200.0,1950.0,0.6241,0.0
DB01_to_DK05#alt6,6,101,4250.0,2000.0,0.5903,0.0
DB01_to_DK05#alt6,6,102,4300.0,2000.0,0.6065,0.0
DB01_to_DK05#alt6,6,103,4350.0,2000.0,0.6065,0.0
DB01_to_DK05#alt6,6,104,4400.0,2050.0,0.5134,0.0
DB01_to_DK05#alt6,6,105,4450.0,2050.0,0.503,0.0
DB01_to_DK05#alt6,6,106,4500.0,2100.0,0.4076,0.0
DB01_to_DK05#alt6,6,107,4550.0,2100.0,0.3784,0.0
DB01_to_DK05#alt6,6,108,4600.0,2100.0,0.344,0.0
DB01_to_DK05#alt6,6,109,4650.0,2150.0,0.2721,0.0
DB01_to_DK05#alt6,6,110,4700.0,2150.0,0.2431,0.0
DB01_to_DK05#alt6,6,111,4750.0,2150.0,0.2151,0.0
DB01_to_DK05#alt6,6,112,4800.0,2200.0,0.17,0.0
DB01_to_DK05#alt6,6,113,4850.0,2200.0,0.1517,0.0
DB01_to_DK05#alt6,6,114,4900.0,2250.0,0.1199,0.0
DB01_to_DK05#alt6,6,115,4950.0,2250.0,0.1062,0.0
DB01_to_DK05#alt7,7,0,1000.0,3900.0,0.7165,0.0
DB01_to_DK05#alt7,7,1,1050.0,3950.0,0.6889,0.0
DB01_to_DK05#alt7,7,2,1100.0,3950.0,0.7165,0.0
DB01_to_DK05#alt7,7,3,1150.0,4000.0,0.6241,0.0
DB01_to_DK05#alt7,7,4,1200.0,4050.0,0.6241,0.0
DB01_to_DK05#alt7,7,5,1250.0,4050.0,0.6889,0.0
DB01_to_DK05#alt7,7,6,1300.0,4000.0,0.6889,0.0
DB01_to_DK05#alt7,7,7,1350.0,4000.0,0.6241,0.0
DB01_to_DK05#alt7,7,8,1400.0,3950.0,0.7165,0.0
DB01_to_DK05#alt7,7,9,1450.0,3950.0,0.6889,0.0
DB01_to_DK05#alt7,7,10,1500.0,3900.0,0.7165,0.0
DB01_to_DK05#alt7,7,11,1550.0,3900.0,0.6889,0.0
DB01_to_DK05#alt7,7,12,1600.0,3850.0,0.6889,0.0
DB01_to_DK05#alt7,7,13,1650.0,3850.0,0.6241,0.0
DB01_to_DK05#alt7,7,14,1700.0,3850.0,0.6065,0.0
DB01_to_DK05#alt7,7,15,1750.0,3850.0,0.6065,0.0
DB01_to_DK05#alt7,7,16,1800.0,3850.0,0.5903,0.0
DB01_to_DK05#alt7,7,17,1850.0,3900.0,0.6241,0.0
DB01_to_DK05#alt7,7,18,1900.0,3900.0,0.5903,0.0
DB01_to_DK05#alt7,7,19,1950.0,3900.0,0.5483,0.0
DB01_to_DK05#alt7,7,20,2000.0,3900.0,0.4931,0.0
DB01_to_DK05#alt7,7,21,2050.0,3900.0,0.4346,0.0
DB01_to_DK05#alt7,7,22,2100.0,3900.0,0.3895,0.0
DB01_to_DK05#alt7,7,23,2150.0,3900.0,0.4275,0.0
DB01_to_DK05#alt7,7,24,2200.0,3950.0,0.4746,0.0
DB01_to_DK05#alt7,7,25,2250.0,3950.0,0.5483,0.0
DB01_to_DK05#alt7,7,26,2300.0,3950.0,0.6241,0.0
DB01_to_DK05#alt7,7,27,2350.0,3950.0,0.6889,0.0
DB01_to_DK05#alt7,7,28,2400.0,3950.0,0.7165,0.0
DB01_to_DK05#alt7,7,29,2450.0,3950.0,0.7165,0.0
DB01_to_DK05#alt7,7,30,2500.0,3950.0,0.7165,0.0
DB01_to_DK05#alt7,7,31,2550.0,4000.0,0.5903,0.0
DB01_to_DK05#alt7,7,32,2600.0,4000.0,0.5483,0.0
DB01_to_DK05#alt7,7,33,2650.0,4000.0,0.5903,0.0
DB01_to_DK05#alt7,7,34,2700.0,4000.0,0.6889,0.0
DB01_to_DK05#alt7,7,35,2750.0,3950.0,0.6889,0.0
DB01_to_DK05#alt7,7,36,2800.0,3900.0,0.6889,0.0
DB01_to_DK05#alt7,7,37,2850.0,3850.0,0.6241,0.0
DB01_to_DK05#alt7,7,38,2900.0,3850.0,0.6889,0.0
DB01_to_DK05#alt7,7,39,2950.0,3850.0,0.7165,0.0
DB01_to_DK05#alt7,7,40,3000.0,3850.0,0.7165,0.0
DB01_to_DK05#alt7,7,41,3050.0,3850.0,0.7165,0.0
DB01_to_DK05#alt7,7,42,3100.0,3850.0,0.6889,0.0
DB01_to_DK05#alt7,7,43,3150.0,3850.0,0.6241,0.0
DB01_to_DK05#alt7,7,44,3200.0,3900.0,0.6889,0.0
DB01_to_DK05#alt7,7,45,3250.0,3950.0,0.6889,0.0
DB01_to_DK05#alt7,7,46,3300.0,4000.0,0.6889,0.0
DB01_to_DK05#alt7,7,47,3350.0,4050.0,0.6241,0.0
DB01_to_DK05#alt7,7,48,3400.0,4100.0,0.5903,0.0
DB01_to_DK05#alt7,7,49,3450.0,4150.0,0.6065,0.0
DB01_to_DK05#alt7,7,50,3500.0,4200.0,0.6889,0.0
DB01_to_DK05#alt7,7,51,3550.0,4250.0,0.6889,0.0
DB01_to_DK05#alt7,7,52,3600.0,4300.0,0.6889,0.0
DB01_to_DK05#alt7,7,53,3650.0,4350.0,0.6065,0.0
DB01_to_DK05#alt7,7,54,3700.0,4350.0,0.6065,0.0
DB01_to_DK05#alt7,7,55,3750.0,4400.0,0.5134,0.0
DB01_to_DK05#alt7,7,56,3800.0,4450.0,0.4275,0.0
DB01_to_DK05#alt7,7,57,3850.0,4500.0,0.4076,0.0
DB01_to_DK05#alt7,7,58,3900.0,4550.0,0.503,0.0
DB01_to_DK05#alt7,7,59,3950.0,4600.0,0.6065,0.0
DB01_to_DK05#alt7,7,60,4000.0,4650.0,0.7165,0.0
DB01_to_DK05#alt7,7,61,4000.0,4600.0,0.6065,0.0
DB01_to_DK05#alt7,7,62,4050.0,4550.0,0.503,0.0
DB01_to_DK05#alt7,7,63,4050.0,4500.0,0.4275,0.0
DB01_to_DK05#alt7,7,64,4100.0,4450.0,0.3485,0.0
DB01_to_DK05#alt7,7,65,4100.0,4400.0,0.2972,0.0
DB01_to_DK05#alt7,7,66,4100.0,4350.0,0.3006,0.0
DB01_to_DK05#alt7,7,67,4150.0,4300.0,0.281,0.0
DB01_to_DK05#alt7,7,68,4150.0,4250.0,0.2972,0.0
DB01_to_DK05#alt7,7,69,4200.0,4200.0,0.2609,0.0
DB01_to_DK05#alt7,7,70,4200.0,4150.0,0.2721,0.0
DB01_to_DK05#alt7,7,71,4200.0,4100.0,0.3077,0.0
DB01_to_DK05#alt7,7,72,4250.0,4050.0,0.3006,0.0
DB01_to_DK05#alt7,7,73,4250.0,4000.0,0.3269,0.0
DB01_to_DK05#alt7,7,74,4300.0,3950.0,0.2972,0.0
DB01_to_DK05#alt7,7,75,4300.0,3900.0,0.3077,0.0
DB01_to_DK05#alt7,7,76,4300.0,3850.0,0.3114,0.0
DB01_to_DK05#alt7,7,77,4350.0,3800.0,0.2636,0.0
DB01_to_DK05#alt7,7,78,4350.0,3750.0,0.2636,0.0
DB01_to_DK05#alt7,7,79,4400.0,3700.0,0.2384,0.0
DB01_to_DK05#alt7,7,80,4400.0,3650.0,0.2609,0.0
DB01_to_DK05#alt7,7,81,4400.0,3600.0,0.281,0.0
DB01_to_DK05#alt7,7,82,4450.0,3550.0,0.253,0.0
DB01_to_DK05#alt7,7,83,4450.0,3500.0,0.2609,0.0
DB01_to_DK05#alt7,7,84,4450.0,3450.0,0.2636,0.0
DB01_to_DK05#alt7,7,85,4500.0,3400.0,0.2231,0.0
DB01_to_DK05#alt7,7,86,4500.0,3350.0,0.2211,0.0
DB01_to_DK05#alt7,7,87,4550.0,3300.0,0.1921,0.0
DB01_to_DK05#alt7,7,88,4550.0,3250.0,0.2151,0.0
DB01_to_DK05#alt7,7,89,4550.0,3200.0,0.2431,0.0
DB01_to_DK05#alt7,7,90,4600.0,3150.0,0.2384,0.0
DB01_to_DK05#alt7,7,91,4600.0,3100.0,0.2609,0.0
DB01_to_DK05#alt7,7,92,4650.0,3050.0,0.2407,0.0
DB01_to_DK05#alt7,7,93,4650.0,3000.0,0.2609,0.0
DB01_to_DK05#alt7,7,94,4650.0,2950.0,0.281,0.0
DB01_to_DK05#alt7,7,95,4700.0,2900.0,0.253,0.0
DB01_to_DK05#alt7,7,96,4700.0,2850.0,0.2609,0.0
DB01_to_DK05#alt7,7,97,4750.0,2800.0,0.2231,0.0
DB01_to_DK05#alt7,7,98,4750.0,2750.0,0.2211,0.0
DB01_to_DK05#alt7,7,99,4750.0,2700.0,0.2151,0.0
DB01_to_DK05#alt7,7,100,4800.0,2650.0,0.1755,0.0
DB01_to_DK05#alt7,7,101,4800.0,2600.0,0.1661,0.0
DB01_to_DK05#alt7,7,102,4850.0,2550.0,0.1335,0.0
DB01_to_DK05#alt7,7,103,4850.0,2500.0,0.1239,0.0
DB01_to_DK05#alt7,7,104,4850.0,2450.0,0.1146,0.0
DB01_to_DK05#alt7,7,105,4900.0,2400.0,0.092,0.0
DB01_to_DK05#alt7,7,106,4900.0,2350.0,0.0947,0.0
DB01_to_DK05#alt7,7,107,4950.0,2300.0,0.0947,0.0
DB01_to_DK05#alt7,7,108,4950.0,2250.0,0.1062,0.0
DB02_to_DK04#alt0,0,0,1800.0,1100.0,0.1183,0.0
DB02_to_DK04#alt0,0,1,1800.0,1150.0,0.1344,0.0
DB02_to_DK04#alt0,0,2,1800.0,1200.0,0.1517,0.0
DB02_to_DK04#alt0,0,3,1800.0,1250.0,0.17,0.0
DB02_to_DK04#alt0,0,4,1800.0,1300.0,0.1921,0.0
DB02_to_DK04#alt0,0,5,1800.0,1350.0,0.2151,0.0
DB02_to_DK04#alt0,0,6,1800.0,1400.0,0.2431,0.0
DB02_to_DK04#alt0,0,7,1800.0,1450.0,0.2721,0.0
DB02_to_DK04#alt0,0,8,1800.0,1500.0,0.3006,0.0
DB02_to_DK04#alt0,0,9,1800.0,1550.0,0.3269,0.0
DB02_to_DK04#alt0,0,10,1800.0,1600.0,0.3485,0.0
DB02_to_DK04#alt0,0,11,1800.0,1650.0,0.3628,0.0
DB02_to_DK04#alt0,0,12,1800.0,1700.0,0.3784,0.0
DB02_to_DK04#alt0,0,13,1800.0,1750.0,0.4076,0.0
DB02_to_DK04#alt0,0,14,1800.0,1800.0,0.4346,0.0
DB02_to_DK04#alt0,0,15,1800.0,1850.0,0.4746,0.0
DB02_to_DK04#alt0,0,16,1800.0,1900.0,0.503,0.0
DB02_to_DK04#alt0,0,17,1800.0,1950.0,0.5134,0.0
DB02_to_DK04#alt0,0,18,1800.0,2000.0,0.5134,0.0
DB02_to_DK04#alt0,0,19,1800.0,2050.0,0.5134,0.0
DB02_to_DK04#alt0,0,20,1800.0,2100.0,0.5134,0.0
DB02_to_DK04#alt0,0,21,1800.0,2150.0,0.5134,0.0
DB02_to_DK04#alt0,0,22,1800.0,2200.0,0.5134,0.0
DB02_to_DK04#alt0,0,23,1800.0,2250.0,0.5483,0.0
DB02_to_DK04#alt0,0,24,1800.0,2300.0,0.5903,0.0
DB02_to_DK04#alt0,0,25,1800.0,2350.0,0.6241,0.0
DB02_to_DK04#alt0,0,26,1800.0,2400.0,0.6889,0.0
DB02_to_DK04#alt0,0,27,1800.0,2450.0,0.7165,0.0
DB02_to_DK04#alt0,0,28,1800.0,2500.0,0.7165,0.0
DB02_to_DK04#alt0,0,29,1800.0,2550.0,0.6889,0.0
DB02_to_DK04#alt0,0,30,1800.0,2600.0,0.6241,0.0
DB02_to_DK04#alt0,0,31,1800.0,2650.0,0.6889,0.0
DB02_to_DK04#alt0,0,32,1750.0,2700.0,0.6889,0.0
DB02_to_DK04#alt0,0,33,1700.0,2750.0,0.6889,0.0
DB02_to_DK04#alt0,0,34,1650.0,2750.0,0.5903,0.0
DB02_to_DK04#alt0,0,35,1600.0,2750.0,0.6065,0.0
DB02_to_DK04#alt0,0,36,1550.0,2800.0,0.5134,0.0
DB02_to_DK04#alt0,0,37,1500.0,2800.0,0.5134,0.0
DB02_to_DK04#alt1,1,0,1800.0,1100.0,0.1183,0.0
DB02_to_DK04#alt1,1,1,1800.0,1150.0,0.1344,0.0
DB02_to_DK04#alt1,1,2,1800.0,1200.0,0.1517,0.0
DB02_to_DK04#alt1,1,3,1800.0,1250.0,0.17,0.0
DB02_to_DK04#alt1,1,4,1800.0,1300.0,0.1921,0.0
DB02_to_DK04#alt1,1,5,1800.0,1350.0,0.2151,0.0
DB02_to_DK04#alt1,1,6,1800.0,1400.0,0.2431,0.0
DB02_to_DK04#alt1,1,7,1800.0,1450.0,0.2721,0.0
DB02_to_DK04#alt1,1,8,1800.0,1500.0,0.3006,0.0
DB02_to_DK04#alt1,1,9,1800.0,1550.0,0.3269,0.0
DB02_to_DK04#alt1,1,10,1800.0,1600.0,0.3485,0.0
DB02_to_DK04#alt1,1,11,1800.0,1650.0,0.3628,0.0
DB02_to_DK04#alt1,1,12,1800.0,1700.0,0.3784,0.0
DB02_to_DK04#alt1,1,13,1800.0,1750.0,0.4076,0.0
DB02_to_DK04#alt1,1,14,1800.0,1800.0,0.4346,0.0
DB02_to_DK04#alt1,1,15,1800.0,1850.0,0.4746,0.0
DB02_to_DK04#alt1,1,16,1800.0,1900.0,0.503,0.0
DB02_to_DK04#alt1,1,17,1800.0,1950.0,0.5134,0.0
DB02_to_DK04#alt1,1,18,1800.0,2000.0,0.5134,0.0
DB02_to_DK04#alt1,1,19,1800.0,2050.0,0.5134,0.0
DB02_to_DK04#alt1,1,20,1800.0,2100.0,0.5134,0.0
DB02_to_DK04#alt1,1,21,1800.0,2150.0,0.5134,0.0
DB02_to_DK04#alt1,1,22,1800.0,2200.0,0.5134,0.0
DB02_to_DK04#alt1,1,23,1800.0,2250.0,0.5483,0.0
DB02_to_DK04#alt1,1,24,1800.0,2300.0,0.5903,0.0
DB02_to_DK04#alt1,1,25,1800.0,2350.0,0.6241,0.0
DB02_to_DK04#alt1,1,26,1800.0,2400.0,0.6889,0.0
DB02_to_DK04#alt1,1,27,1800.0,2450.0,0.7165,0.0
DB02_to_DK04#alt1,1,28,1800.0,2500.0,0.7165,0.0
DB02_to_DK04#alt1,1,29,1800.0,2550.0,0.6889,0.0
DB02_to_DK04#alt1,1,30,1800.0,2600.0,0.6241,0.0
DB02_to_DK04#alt1,1,31,1800.0,2650.0,0.6889,0.0
DB02_to_DK04#alt1,1,32,1750.0,2700.0,0.6889,0.0
DB02_to_DK04#alt1,1,33,1700.0,2750.0,0.6889,0.0
DB02_to_DK04#alt1,1,34,1650.0,2750.0,0.5903,0.0
DB02_to_DK04#alt1,1,35,1600.0,2750.0,0.6065,0.0
DB02_to_DK04#alt1,1,36,1550.0,2800.0,0.5134,0.0
DB02_to_DK04#alt1,1,37,1500.0,2800.0,0.5134,0.0
DB02_to_DK04#alt2,2,0,1800.0,1100.0,0.1183,0.0
DB02_to_DK04#alt2,2,1,1800.0,1150.0,0.1344,0.0
DB02_to_DK04#alt2,2,2,1750.0,1200.0,0.17,0.0
DB02_to_DK04#alt2,2,3,1750.0,1250.0,0.1921,0.0
DB02_to_DK04#alt2,2,4,1750.0,1300.0,0.2151,0.0
DB02_to_DK04#alt2,2,5,1750.0,1350.0,0.2431,0.0
DB02_to_DK04#alt2,2,6,1700.0,1400.0,0.3077,0.0
DB02_to_DK04#alt2,2,7,1700.0,1450.0,0.344,0.0
DB02_to_DK04#alt2,2,8,1700.0,1500.0,0.3895,0.0
DB02_to_DK04#alt2,2,9,1700.0,1550.0,0.4346,0.0
DB02_to_DK04#alt2,2,10,1650.0,1600.0,0.5483,0.0
DB02_to_DK04#alt2,2,11,1650.0,1650.0,0.5903,0.0
DB02_to_DK04#alt2,2,12,1650.0,1700.0,0.6065,0.0
DB02_to_DK04#alt2,2,13,1600.0,1750.0,0.7165,0.0
DB02_to_DK04#alt2,2,14,1600.0,1800.0,0.7165,0.0
DB02_to_DK04#alt2,2,15,1600.0,1850.0,0.6889,0.0
DB02_to_DK04#alt2,2,16,1600.0,1900.0,0.6241,0.0
DB02_to_DK04#alt2,2,17,1550.0,1950.0,0.6889,0.0
DB02_to_DK04#alt2,2,18,1550.0,2000.0,0.6241,0.0
DB02_to_DK04#alt2,2,19,1550.0,2050.0,0.5483,0.0
DB02_to_DK04#alt2,2,20,1550.0,2100.0,0.5134,0.0
DB02_to_DK04#alt2,2,21,1500.0,2150.0,0.6065,0.0
DB02_to_DK04#alt2,2,22,1500.0,2200.0,0.7165,0.0
DB02_to_DK04#alt2,2,23,1450.0,2200.0,0.6889,0.0
DB02_to_DK04#alt2,2,24,1400.0,2250.0,0.6889,0.0
DB02_to_DK04#alt2,2,25,1350.0,2250.0,0.6241,0.0
DB02_to_DK04#alt2,2,26,1300.0,2300.0,0.6241,0.0
DB02_to_DK04#alt2,2,27,1250.0,2300.0,0.5483,0.0
DB02_to_DK04#alt2,2,28,1200.0,2350.0,0.503,0.0
DB02_to_DK04#alt2,2,29,1150.0,2350.0,0.4275,0.0
DB02_to_DK04#alt2,2,30,1100.0,2400.0,0.3679,0.0
DB02_to_DK04#alt2,2,31,1050.0,2400.0,0.3114,0.0
DB02_to_DK04#alt2,2,32,1100.0,2450.0,0.3679,0.0
DB02_to_DK04#alt2,2,33,1150.0,2500.0,0.4346,0.0
DB02_to_DK04#alt2,2,34,1200.0,2550.0,0.5134,0.0
DB02_to_DK04#alt2,2,35,1250.0,2550.0,0.6065,0.0
DB02_to_DK04#alt2,2,36,1300.0,2600.0,0.6889,0.0
DB02_to_DK04#alt2,2,37,1350.0,2650.0,0.6889,0.0
DB02_to_DK04#alt2,2,38,1400.0,2700.0,0.6889,0.0
DB02_to_DK04#alt2,2,39,1450.0,2750.0,0.6065,0.0
DB02_to_DK04#alt2,2,40,1500.0,2800.0,0.5134,0.0
DB02_to_DK04#alt3,3,0,1800.0,1100.0,0.1183,0.0
DB02_to_DK04#alt3,3,1,1800.0,1150.0,0.1344,0.0
DB02_to_DK04#alt3,3,2,1800.0,1200.0,0.1517,0.0
DB02_to_DK04#alt3,3,3,1800.0,1250.0,0.17,0.0
DB02_to_DK04#alt3,3,4,1800.0,1300.0,0.1921,0.0
DB02_to_DK04#alt3,3,5,1800.0,1350.0,0.2151,0.0
DB02_to_DK04#alt3,3,6,1800.0,1400.0,0.2431,0.0
DB02_to_DK04#alt3,3,7,1800.0,1450.0,0.2721,0.0
DB02_to_DK04#alt3,3,8,1800.0,1500.0,0.3006,0.0
DB02_to_DK04#alt3,3,9,1800.0,1550.0,0.3269,0.0
DB02_to_DK04#alt3,3,10,1800.0,1600.0,0.3485,0.0
DB02_to_DK04#alt3,3,11,1800.0,1650.0,0.3628,0.0
DB02_to_DK04#alt3,3,12,1800.0,1700.0,0.3784,0.0
DB02_to_DK04#alt3,3,13,1800.0,1750.0,0.4076,0.0
DB02_to_DK04#alt3,3,14,1800.0,1800.0,0.4346,0.0
DB02_to_DK04#alt3,3,15,1800.0,1850.0,0.4746,0.0
DB02_to_DK04#alt3,3,16,1800.0,1900.0,0.503,0.0
DB02_to_DK04#alt3,3,17,1800.0,1950.0,0.5134,0.0
DB02_to_DK04#alt3,3,18,1800.0,2000.0,0.5134,0.0
DB02_to_DK04#alt3,3,19,1800.0,2050.0,0.5134,0.0
DB02_to_DK04#alt3,3,20,1800.0,2100.0,0.5134,0.0
DB02_to_DK04#alt3,3,21,1800.0,2150.0,0.5134,0.0
DB02_to_DK04#alt3,3,22,1800.0,2200.0,0.5134,0.0
DB02_to_DK04#alt3,3,23,1800.0,2250.0,0.5483,0.0
DB02_to_DK04#alt3,3,24,1800.0,2300.0,0.5903,0.0
DB02_to_DK04#alt3,3,25,1800.0,2350.0,0.6241,0.0
DB02_to_DK04#alt3,3,26,1800.0,2400.0,0.6889,0.0
DB02_to_DK04#alt3,3,27,1800.0,2450.0,0.7165,0.0
DB02_to_DK04#alt3,3,28,1800.0,2500.0,0.7165,0.0
DB02_to_DK04#alt3,3,29,1800.0,2550.0,0.6889,0.0
DB02_to_DK04#alt3,3,30,1800.0,2600.0,0.6241,0.0
DB02_to_DK04#alt3,3,31,1800.0,2650.0,0.6889,0.0
DB02_to_DK04#alt3,3,32,1750.0,2650.0,0.6241,0.0
DB02_to_DK04#alt3,3,33,1700.0,2700.0,0.6241,0.0
DB02_to_DK04#alt3,3,34,1650.0,2700.0,0.6889,0.0
DB02_to_DK04#alt3,3,35,1600.0,2750.0,0.6065,0.0
DB02_to_DK04#alt3,3,36,1550.0,2750.0,0.6065,0.0
DB02_to_DK04#alt3,3,37,1500.0,2800.0,0.5134,0.0
DB02_to_DK04#alt4,4,0,1800.0,1100.0,0.1183,0.0
DB02_to_DK04#alt4,4,1,1800.0,1150.0,0.1344,0.0
DB02_to_DK04#alt4,4,2,1750.0,1200.0,0.17,0.0
DB02_to_DK04#alt4,4,3,1750.0,1250.0,0.1921,0.0
DB02_to_DK04#alt4,4,4,1750.0,1300.0,0.2151,0.0
DB02_to_DK04#alt4,4,5,1750.0,1350.0,0.2431,0.0
DB02_to_DK04#alt4,4,6,1700.0,1400.0,0.3077,0.0
DB02_to_DK04#alt4,4,7,1700.0,1450.0,0.344,0.0
DB02_to_DK04#alt4,4,8,1700.0,1500.0,0.3895,0.0
DB02_to_DK04#alt4,4,9,1650.0,1550.0,0.4931,0.0
DB02_to_DK04#alt4,4,10,1650.0,1600.0,0.5483,0.0
DB02_to_DK04#alt4,4,11,1650.0,1650.0,0.5903,0.0
DB02_to_DK04#alt4,4,12,1600.0,1700.0,0.7165,0.0
DB02_to_DK04#alt4,4,13,1600.0,1750.0,0.7165,0.0
DB02_to_DK04#alt4,4,14,1600.0,1800.0,0.7165,0.0
DB02_to_DK04#alt4,4,15,1600.0,1850.0,0.6889,0.0
DB02_to_DK04#alt4,4,16,1550.0,1900.0,0.7165,0.0
DB02_to_DK04#alt4,4,17,1550.0,1950.0,0.6889,0.0
DB02_to_DK04#alt4,4,18,1550.0,2000.0,0.6241,0.0
DB02_to_DK04#alt4,4,19,1500.0,2050.0,0.6241,0.0
DB02_to_DK04#alt4,4,20,1500.0,2100.0,0.5483,0.0
DB02_to_DK04#alt4,4,21,1450.0,2150.0,0.5903,0.0
DB02_to_DK04#alt4,4,22,1450.0,2200.0,0.6889,0.0
DB02_to_DK04#alt4,4,23,1400.0,2250.0,0.6889,0.0
DB02_to_DK04#alt4,4,24,1350.0,2300.0,0.6889,0.0
DB02_to_DK04#alt4,4,25,1300.0,2350.0,0.6889,0.0
DB02_to_DK04#alt4,4,26,1300.0,2400.0,0.7165,0.0
DB02_to_DK04#alt4,4,27,1250.0,2450.0,0.6065,0.0
DB02_to_DK04#alt4,4,28,1200.0,2500.0,0.5134,0.0
DB02_to_DK04#alt4,4,29,1150.0,2550.0,0.4346,0.0
DB02_to_DK04#alt4,4,30,1150.0,2600.0,0.4275,0.0
DB02_to_DK04#alt4,4,31,1100.0,2650.0,0.3485,0.0
DB02_to_DK04#alt4,4,32,1150.0,2650.0,0.4076,0.0
DB02_to_DK04#alt4,4,33,1200.0,2700.0,0.4346,0.0
DB02_to_DK04#alt4,4,34,1250.0,2700.0,0.4931,0.0
DB02_to_DK04#alt4,4,35,1300.0,2700.0,0.5483,0.0
DB02_to_DK04#alt4,4,36,1350.0,2750.0,0.5483,0.0
DB02_to_DK04#alt4,4,37,1400.0,2750.0,0.5903,0.0
DB02_to_DK04#alt4,4,38,1450.0,2800.0,0.5134,0.0
DB02_to_DK04#alt4,4,39,1500.0,2800.0,0.5134,0.0
DB02_to_DK04#alt5,5,0,1800.0,1100.0,0.1183,0.0
DB02_to_DK04#alt5,5,1,1800.0,1150.0,0.1344,0.0
DB02_to_DK04#alt5,5,2,1800.0,1200.0,0.1517,0.0
DB02_to_DK04#alt5,5,3,1800.0,1250.0,0.17,0.0
DB02_to_DK04#alt5,5,4,1800.0,1300.0,0.1921,0.0
DB02_to_DK04#alt5,5,5,1800.0,1350.0,0.2151,0.0
DB02_to_DK04#alt5,5,6,1800.0,1400.0,0.2431,0.0
DB02_to_DK04#alt5,5,7,1800.0,1450.0,0.2721,0.0
DB02_to_DK04#alt5,5,8,1800.0,1500.0,0.3006,0.0
DB02_to_DK04#alt5,5,9,1800.0,1550.0,0.3269,0.0
DB02_to_DK04#alt5,5,10,1800.0,1600.0,0.3485,0.0
DB02_to_DK04#alt5,5,11,1800.0,1650.0,0.3628,0.0
DB02_to_DK04#alt5,5,12,1800.0,1700.0,0.3784,0.0
DB02_to_DK04#alt5,5,13,1800.0,1750.0,0.4076,0.0
DB02_to_DK04#alt5,5,14,1800.0,1800.0,0.4346,0.0
DB02_to_DK04#alt5,5,15,1800.0,1850.0,0.4746,0.0
DB02_to_DK04#alt5,5,16,1800.0,1900.0,0.503,0.0
DB02_to_DK04#alt5,5,17,1800.0,1950.0,0.5134,0.0
DB02_to_DK04#alt5,5,18,1800.0,2000.0,0.5134,0.0
DB02_to_DK04#alt5,5,19,1800.0,2050.0,0.5134,0.0
DB02_to_DK04#alt5,5,20,1800.0,2100.0,0.5134,0.0
DB02_to_DK04#alt5,5,21,1800.0,2150.0,0.5134,0.0
DB02_to_DK04#alt5,5,22,1800.0,2200.0,0.5134,0.0
DB02_to_DK04#alt5,5,23,1800.0,2250.0,0.5483,0.0
DB02_to_DK04#alt5,5,24,1800.0,2300.0,0.5903,0.0
DB02_to_DK04#alt5,5,25,1800.0,2350.0,0.6241,0.0
DB02_to_DK04#alt5,5,26,1800.0,2400.0,0.6889,0.0
DB02_to_DK04#alt5,5,27,1800.0,2450.0,0.7165,0.0
DB02_to_DK04#alt5,5,28,1800.0,2500.0,0.7165,0.0
DB02_to_DK04#alt5,5,29,1800.0,2550.0,0.6889,0.0
DB02_to_DK04#alt5,5,30,1800.0,2600.0,0.6241,0.0
DB02_to_DK04#alt5,5,31,1800.0,2650.0,0.6889,0.0
DB02_to_DK04#alt5,5,32,1750.0,2700.0,0.6889,0.0
DB02_to_DK04#alt5,5,33,1700.0,2750.0,0.6889,0.0
DB02_to_DK04#alt5,5,34,1650.0,2750.0,0.5903,0.0
DB02_to_DK04#alt5,5,35,1600.0,2750.0,0.6065,0.0
DB02_to_DK04#alt5,5,36,1550.0,2800.0,0.5134,0.0
DB02_to_DK04#alt5,5,37,1500.0,2800.0,0.5134,0.0
DB02_to_DK04#alt6,6,0,1800.0,1100.0,0.1183,0.0
DB02_to_DK04#alt6,6,1,1800.0,1150.0,0.1344,0.0
DB02_to_DK04#alt6,6,2,1800.0,1200.0,0.1517,0.0
DB02_to_DK04#alt6,6,3,1800.0,1250.0,0.17,0.0
DB02_to_DK04#alt6,6,4,1800.0,1300.0,0.1921,0.0
DB02_to_DK04#alt6,6,5,1800.0,1350.0,0.2151,0.0
DB02_to_DK04#alt6,6,6,1800.0,1400.0,0.2431,0.0
DB02_to_DK04#alt6,6,7,1800.0,1450.0,0.2721,0.0
DB02_to_DK04#alt6,6,8,1800.0,1500.0,0.3006,0.0
DB02_to_DK04#alt6,6,9,1800.0,1550.0,0.3269,0.0
DB02_to_DK04#alt6,6,10,1800.0,1600.0,0.3485,0.0
DB02_to_DK04#alt6,6,11,1800.0,1650.0,0.3628,0.0
DB02_to_DK04#alt6,6,12,1800.0,1700.0,0.3784,0.0
DB02_to_DK04#alt6,6,13,1800.0,1750.0,0.4076,0.0
DB02_to_DK04#alt6,6,14,1800.0,1800.0,0.4346,0.0
DB02_to_DK04#alt6,6,15,1800.0,1850.0,0.4746,0.0
DB02_to_DK04#alt6,6,16,1800.0,1900.0,0.503,0.0
DB02_to_DK04#alt6,6,17,1800.0,1950.0,0.5134,0.0
DB02_to_DK04#alt6,6,18,1800.0,2000.0,0.5134,0.0
DB02_to_DK04#alt6,6,19,1800.0,2050.0,0.5134,0.0
DB02_to_DK04#alt6,6,20,1800.0,2100.0,0.5134,0.0
DB02_to_DK04#alt6,6,21,1800.0,2150.0,0.5134,0.0
DB02_to_DK04#alt6,6,22,1800.0,2200.0,0.5134,0.0
DB02_to_DK04#alt6,6,23,1800.0,2250.0,0.5483,0.0
DB02_to_DK04#alt6,6,24,1800.0,2300.0,0.5903,0.0
DB02_to_DK04#alt6,6,25,1800.0,2350.0,0.6241,0.0
DB02_to_DK04#alt6,6,26,1800.0,2400.0,0.6889,0.0
DB02_to_DK04#alt6,6,27,1800.0,2450.0,0.7165,0.0
DB02_to_DK04#alt6,6,28,1800.0,2500.0,0.7165,0.0
DB02_to_DK04#alt6,6,29,1800.0,2550.0,0.6889,0.0
DB02_to_DK04#alt6,6,30,1800.0,2600.0,0.6241,0.0
DB02_to_DK04#alt6,6,31,1800.0,2650.0,0.6889,0.0
DB02_to_DK04#alt6,6,32,1750.0,2700.0,0.6889,0.0
DB02_to_DK04#alt6,6,33,1700.0,2750.0,0.6889,0.0
DB02_to_DK04#alt6,6,34,1650.0,2750.0,0.5903,0.0
DB02_to_DK04#alt6,6,35,1600.0,2750.0,0.6065,0.0
DB02_to_DK04#alt6,6,36,1550.0,2800.0,0.5134,0.0
DB02_to_DK04#alt6,6,37,1500.0,2800.0,0.5134,0.0
DB02_to_DK04#alt7,7,0,1800.0,1100.0,0.1183,0.0
DB02_to_DK04#alt7,7,1,1800.0,1150.0,0.1344,0.0
DB02_to_DK04#alt7,7,2,1750.0,1200.0,0.17,0.0
DB02_to_DK04#alt7,7,3,1750.0,1250.0,0.1921,0.0
DB02_to_DK04#alt7,7,4,1750.0,1300.0,0.2151,0.0
DB02_to_DK04#alt7,7,5,1750.0,1350.0,0.2431,0.0
DB02_to_DK04#alt7,7,6,1700.0,1400.0,0.3077,0.0
DB02_to_DK04#alt7,7,7,1700.0,1450.0,0.344,0.0
DB02_to_DK04#alt7,7,8,1700.0,1500.0,0.3895,0.0
DB02_to_DK04#alt7,7,9,1650.0,1550.0,0.4931,0.0
DB02_to_DK04#alt7,7,10,1650.0,1600.0,0.5483,0.0
DB02_to_DK04#alt7,7,11,1650.0,1650.0,0.5903,0.0
DB02_to_DK04#alt7,7,12,1600.0,1700.0,0.7165,0.0
DB02_to_DK04#alt7,7,13,1600.0,1750.0,0.7165,0.0
DB02_to_DK04#alt7,7,14,1600.0,1800.0,0.7165,0.0
DB02_to_DK04#alt7,7,15,1600.0,1850.0,0.6889,0.0
DB02_to_DK04#alt7,7,16,1550.0,1900.0,0.7165,0.0
DB02_to_DK04#alt7,7,17,1550.0,1950.0,0.6889,0.0
DB02_to_DK04#alt7,7,18,1550.0,2000.0,0.6241,0.0
DB02_to_DK04#alt7,7,19,1500.0,2050.0,0.6241,0.0
DB02_to_DK04#alt7,7,20,1500.0,2100.0,0.5483,0.0
DB02_to_DK04#alt7,7,21,1450.0,2150.0,0.5903,0.0
DB02_to_DK04#alt7,7,22,1450.0,2200.0,0.6889,0.0
DB02_to_DK04#alt7,7,23,1400.0,2250.0,0.6889,0.0
DB02_to_DK04#alt7,7,24,1350.0,2300.0,0.6889,0.0
DB02_to_DK04#alt7,7,25,1300.0,2350.0,0.6889,0.0
DB02_to_DK04#alt7,7,26,1300.0,2400.0,0.7165,0.0
DB02_to_DK04#alt7,7,27,1250.0,2450.0,0.6065,0.0
DB02_to_DK04#alt7,7,28,1200.0,2500.0,0.5134,0.0
DB02_to_DK04#alt7,7,29,1200.0,2550.0,0.5134,0.0
DB02_to_DK04#alt7,7,30,1150.0,2600.0,0.4275,0.0
DB02_to_DK04#alt7,7,31,1100.0,2650.0,0.3485,0.0
DB02_to_DK04#alt7,7,32,1050.0,2700.0,0.281,0.0
DB02_to_DK04#alt7,7,33,1050.0,2750.0,0.2609,0.0
DB02_to_DK04#alt7,7,34,1000.0,2800.0,0.2972,0.0
DB02_to_DK04#alt7,7,35,1050.0,2800.0,0.3077,0.0
DB02_to_DK04#alt7,7,36,1100.0,2800.0,0.3269,0.0
DB02_to_DK04#alt7,7,37,1150.0,2800.0,0.3485,0.0
DB02_to_DK04#alt7,7,38,1200.0,2800.0,0.3628,0.0
DB02_to_DK04#alt7,7,39,1250.0,2800.0,0.3895,0.0
DB02_to_DK04#alt7,7,40,1300.0,2800.0,0.4346,0.0
DB02_to_DK04#alt7,7,41,1350.0,2800.0,0.4746,0.0
DB02_to_DK04#alt7,7,42,1400.0,2800.0,0.503,0.0
DB02_to_DK04#alt7,7,43,1450.0,2800.0,0.5134,0.0
DB02_to_DK04#alt7,7,44,1500.0,2800.0,0.5134,0.0
